1 0.6049050521484375 0.5736792736328125 0.327015219921875 0.35760023242187494
0 0.0821435491796875 0.11668105270898438 0.172099598359375 0.20183906426953124
0 0.06631817220703125 0.22988963853515626 0.1404488444140625 0.19133578777343752
0 0.04843397689453125 0.3565080678515625 0.1046804537890625 0.195427001015625
0 0.13988074267578127 0.2990901564257813 0.1948544955078125 0.2042523957421875
0 0.19086457158203124 0.01967437640625 0.16101500847656247 0.0471612528125
0 0.37324504999999997 0.0354138775390625 0.1946739359375 0.078640255078125
0 0.2570352134960937 0.12003241262304687 0.22462038472656248 0.18306087936328125
0 0.31908381484375 0.20020522125 0.21196801015624997 0.171927846640625
0 0.1581480763671875 0.468809452421875 0.19224739289062504 0.19139744203125003
0 0.05180295236328125 0.6105552423828124 0.1114184047265625 0.18561513554687503
0 0.09474307708984375 0.7161296857421875 0.1972986541796875 0.20186548789062497
0 0.11428753875 0.820189191015625 0.2363875775 0.20207687421874998
0 0.344553709921875 0.7382041820312499 0.16603103875000003 0.18458902890625006
0 0.2859885851171875 0.724620384765625 0.15570391773437497 0.18229460234375006
0 0.0668708603515625 0.95188750703125 0.141554220703125 0.08575253671874994
0 0.290702948828125 0.9187372287109374 0.22017245624999998 0.15471304257812502
0 0.33485194130859375 0.9392835751953126 0.1915912134765625 0.11362034960937495
0 0.4487056968945312 0.30786931013671875 0.1947179749609375 0.1648507961328125
0 0.5204472589843749 0.27896658328125 0.20010393203125 0.182624894296875
0 0.6728922984375001 0.2813402797265625 0.17047456328125 0.18228139093749998
0 0.674482102734375 0.08927344631054687 0.2224316515625 0.17305964628515624
0 0.795161887109375 0.15830881833984375 0.17865698984375 0.2180233582421875
0 0.8972726712890625 0.04763026706054688 0.19764215742187496 0.09895099353515624
0 0.9465015501953125 0.21824575464843748 0.09918439960937497 0.224576345859375
0 0.925360678515625 0.607721339453125 0.14146614296875004 0.19940371328125006
0 0.9158769025390625 0.6995864748046875 0.14259794257812497 0.20612404882812507
0 0.556768337890625 0.9293461986328124 0.2066613234375 0.13349510273437504
0 0.6042356609374999 0.8877426542968749 0.20024485625 0.13354794921875002
0 0.75585497109375 0.926525507421875 0.19101870781250008 0.13913648515625
0 0.9606138140625 0.84532879453125 0.07095987187499997 0.18850849062499997
0 0.932268179296875 0.920725584765625 0.12765114140625 0.15073633046875
