1 0.486407394921875 0.35201389876953126 0.24501920078125 0.2646077016796875
0 0.1053542488671875 0.13667250916210938 0.200429819609375 0.22005795519140625
0 0.9455745314453126 0.0573716706640625 0.10103843710937499 0.122555841328125
0 0.8897266064453125 0.3989945920703125 0.206295800390625 0.21829639945312507
0 0.11992231539062499 0.37199434537109377 0.215728931796875 0.22966724207031247
0 0.2824368481835937 0.53081401484375 0.2294822786328125 0.21770187421874998
0 0.5227174640625 0.5926754509765625 0.23282923515624998 0.21063803554687505
0 0.8224990310546876 0.61707520078125 0.21470282539062502 0.2078239500000001
0 0.967946290234375 0.58200923046875 0.05629491953124999 0.21033857109374998
0 0.933173178515625 0.8090407447265625 0.12584114296875004 0.24554766757812496
0 0.7583739958984375 0.8463549005859375 0.20137665585937492 0.212703459765625
0 0.536111894140625 0.80518734140625 0.21994785781249998 0.20416872187500001
0 0.22027814966796874 0.960919884375 0.22081102027343752 0.07034773125000005
0 0.01876497322265625 0.86866720703125 0.0453424464453125 0.16940882187500006
0 0.706372868359375 0.9767320498046874 0.19345846249999998 0.03872340039062505
0 0.9487321201171874 0.971317467578125 0.09472325976562501 0.049552564843750035
