1 0.6306259689453125 0.4699874930273438 0.381310773828125 0.3561513530078125
0 0.09850620068359375 0.05454437359375 0.2048249013671875 0.1169012471875
0 0.2033319828125 0.02013458287109375 0.211043193359375 0.0480816657421875
0 0.21116209837890626 0.08174719912109375 0.19468714769531248 0.1705670448046875
0 0.03992566234375 0.21187993234375002 0.0876638246875 0.235132468984375
0 0.08242539810546876 0.244241914453125 0.1726632962109375 0.22253294109375
0 0.16497850902343753 0.2787331771484375 0.17762647968750003 0.204714804140625
0 0.514777251171875 0.02336263388671875 0.19835558750000004 0.0545377677734375
0 0.38327931222656253 0.12266373660351562 0.19862422476562497 0.22655809608984373
0 0.46804097375000003 0.15821413470703127 0.17983723218750003 0.20613726042968752
0 0.5106045660156251 0.21861788330078125 0.20189191093750003 0.19593785230468752
0 0.05608353296875 0.5161402549804688 0.1199795659375 0.2813556931640625
0 0.3676719278320313 0.357963553359375 0.18589698417968753 0.18779506046875
0 0.30770416423828123 0.39524908404296877 0.1951539598046875 0.2167594420703125
0 0.893727540234375 0.07850153255859375 0.20473241953125 0.1648155651171875
0 0.79328803203125 0.09857446095507812 0.23121741093750003 0.20380760285546876
0 0.7263092763671875 0.192681176015625 0.209515043359375 0.18390202226562502
0 0.9025947716796875 0.34000008814453125 0.17795236757812494 0.18726659402343748
0 0.9296104318359375 0.636815635546875 0.132966636328125 0.16747991796874995
0 0.95849334140625 0.7653497568359375 0.07520081718750005 0.207313098828125
0 0.89369891484375 0.9631218292968751 0.20478967031249995 0.06594384140624998
0 0.80704137890625 0.8130306685546875 0.2080529523437501 0.19971198554687497
0 0.3449324442578125 0.5945228826171876 0.14968380054687502 0.20533134882812504
0 0.22692802283203126 0.65001629453125 0.2381975761328125 0.19632099062499997
0 0.4196378241015625 0.6862250740234375 0.18291114710937495 0.19542259726562505
0 0.03332643390625 0.8639220158203125 0.0744653678125 0.172839451953125
0 0.07979627607421876 0.85684056171875 0.1674050521484375 0.2119547984375001
0 0.2420729988671875 0.76706947578125 0.19880038046874998 0.1796698843750001
0 0.2880562113085937 0.852564384765625 0.20438891644531249 0.19536094296874995
0 0.590790586328125 0.805193947265625 0.22594595546874996 0.17620842734375008
0 0.5163978826171874 0.901000563671875 0.20564842851562498 0.17086210546875003
0 0.32557735 0.9767232419921875 0.208308378125 0.03874101601562496
