1 0.5170056194140625 0.18561733722851564 0.41135410804687506 0.35036904593359375
0 0.0368627571875 0.0564468538671875 0.081538014375 0.120706207734375
0 0.14539441234375 0.12976060457226563 0.161367319609375 0.18980763812109375
0 0.03489421857421875 0.2765840790625 0.0776009371484375 0.17533205328124998
0 0.03139973224609375 0.42002316439453125 0.0706119644921875 0.18332951652343749
0 0.29557365068359376 0.38812799458984376 0.21131183066406248 0.1947047631640625
0 0.19284852380859374 0.41662336175781256 0.2066877466015625 0.17005619367187502
0 0.9595612845703125 0.030133614003906253 0.07306493085937504 0.0680797280078125
0 0.8082414388671875 0.16917761767578124 0.18980763789062494 0.21948544957031252
0 0.8956080009765626 0.22369997181640627 0.20097149804687497 0.1900278326171875
0 0.7146719982421874 0.40063063693359374 0.20020081757812502 0.2254086808203125
0 0.6083753171874999 0.43962707869140627 0.21090226875000007 0.1925644730859375
0 0.9058514480468749 0.47459836537109373 0.17083127812499999 0.2104442645703125
0 0.9365333462890625 0.510725673046875 0.11912080742187503 0.18522318906250002
0 0.9085466283203125 0.6527070708984375 0.17509424335937496 0.22763264492187507
0 0.6978865734374999 0.6409200607421874 0.21672861484375006 0.21640713085937502
0 0.5483525048828125 0.662435262890625 0.212853191796875 0.23003716875000002
0 0.18668307849609375 0.6514915974609374 0.19536094277343746 0.21472044101562504
0 0.30026599496093753 0.604237862890625 0.183016840546875 0.18625369921875
0 0.40337866400390626 0.790042365234375 0.1769658962109375 0.19592464062499992
0 0.0757513035546875 0.93144245 0.159315107109375 0.12930260000000005
0 0.092598382890625 0.8594344525390625 0.19300926578125 0.181823386328125
0 0.2591402726953125 0.8798927212890625 0.19527286500000002 0.18596744648437502
0 0.4417827826367188 0.954049816796875 0.17079604722656244 0.08408786640624999
0 0.6055942607421876 0.8626250705078125 0.189045765234375 0.257160724609375
0 0.7736731080078125 0.9608890572265625 0.19337919257812497 0.07040938554687504
0 0.7351566904296876 0.874423090625 0.1944185105468751 0.19468714765624995
0 0.9415625880859375 0.9601447998046875 0.10906232382812497 0.07189790039062505
