1 0.529978303671875 0.2351635428671875 0.3989388856250001 0.45989826426562497
0 0.529978303671875 0.2351635428671875 0.3989388856250001 0.45989826426562497
0 0.10096311625 0.06515506490234375 0.2097387325 0.1381226298046875
0 0.09480290986328126 0.30971958873046873 0.1974183197265625 0.3353814178515625
0 0.2334930170703125 0.23160370478515624 0.18226279898437503 0.3320722724609375
0 0.8328858845703125 0.09476416642578125 0.20854452304687499 0.1973408328515625
0 0.9565845609375 0.33435357724609377 0.07901837812500001 0.2294112822265625
0 0.8489712478515625 0.48107041277343754 0.23037758867187497 0.224702815078125
0 0.34200654541015624 0.4812367815625 0.1904308271484375 0.21201775796875
0 0.6415821908203125 0.5342651509765625 0.18882183476562497 0.22493527539062502
0 0.13916870260546876 0.645196725390625 0.2091097214296875 0.19589593046874998
0 0.38106904537109376 0.7460891919921875 0.1993646076953125 0.19585946601562498
0 0.5822545945312501 0.7533957482421876 0.18397206796875004 0.19544012539062494
0 0.7863139949218749 0.6946128392578125 0.21377260781250007 0.20478868867187505
0 0.9374658146484376 0.838314523828125 0.11715559335937498 0.22209105156250009
0 0.7554104068359375 0.9042626896484376 0.225185968359375 0.180945522265625
0 0.4145730018164063 0.924887871875 0.24490409871093755 0.14241175625000002
0 0.15627279025390625 0.8666815562500001 0.21522206824218754 0.22996280624999998
0 0.9672982607421875 0.59126130390625 0.057590978515625 0.23210509062499995
