1 0.5286230799804688 0.54060386140625 0.3978165517578125 0.41127043421875
0 0.0608023005859375 0.07423636556640625 0.129417101171875 0.1562852311328125
0 0.2496212655078125 0.07046003029296875 0.23539670234375 0.1487325605859375
0 0.48536587521484376 0.04506059751953125 0.22157729722656244 0.0979336950390625
0 0.5567088853515625 0.0583273146875 0.21106961679687503 0.124467129375
0 0.9745873554687501 0.0725849069921875 0.043012789062499945 0.152982313984375
0 0.853698386328125 0.11711483582421875 0.1907324546875 0.1980913542890625
0 0.8170007749999999 0.19958647478515626 0.21129861875 0.22344895011718752
0 0.6126074548828124 0.22390915656250002 0.16877466210937497 0.205771737578125
0 0.07458207088085937 0.3319894129882813 0.15683571730078125 0.19430400917968751
0 0.11283205326367188 0.51931986328125 0.18868024237890624 0.20988937421874998
0 0.02896658328125 0.649597925 0.0657456665625 0.15503012265625005
0 0.0421980693359375 0.774346903125 0.092208638671875 0.16753716875000002
0 0.061377008164062496 0.864523146875 0.130566516328125 0.16304960546875003
0 0.2685535865429688 0.9537371406249999 0.1886802423828125 0.08471321875000004
0 0.07958048548828126 0.9476179361328125 0.1669734709765625 0.09695162773437505
0 0.45908566449218746 0.84693181015625 0.18732824835937495 0.16867337265625004
0 0.837853191796875 0.5263462689453126 0.1934540585937501 0.18394606132812502
0 0.8794699478515625 0.6376743941406251 0.20670976601562496 0.20391769999999998
0 0.6136357630859375 0.7911741650390625 0.222717904296875 0.17036446601562505
0 0.844126532421875 0.83429484921875 0.2213967375 0.18856574140625004
0 0.9090244503906251 0.9084937818359375 0.17265008437499996 0.15761080195312493
0 0.7556567958984375 0.9740434751953124 0.12653695742187498 0.04410054960937504
0 0.602366209765625 0.920271984375 0.24461404296875006 0.14906285234375005
0 0.2126307955078125 0.556021878515625 0.18953900085937503 0.17971392343750003
