1 0.448864236875 0.518388440625 0.28132486609374996 0.35009600468749996
0 0.091244186875 0.04183034455078125 0.19030087375 0.0914731891015625
0 0.0533200923046875 0.18297500351562498 0.114452684609375 0.2112237528125
0 0.07418131693359376 0.35738884576171875 0.1561751338671875 0.21916396550781247
0 0.05601086880859375 0.5202821130859375 0.1198342376171875 0.21720423476562495
0 0.02122234357421875 0.689878100390625 0.0502571871484375 0.16699549062499996
0 0.04835911076171875 0.9483181546875 0.1045307215234375 0.09555119062499995
0 0.11485784244531251 0.808600355859375 0.203671082296875 0.23149045234375
0 0.23064710751953124 0.364373414609375 0.19369627253906246 0.22397301296875005
0 0.30433739078125 0.0241068912109375 0.21287080749999998 0.056026282421875
0 0.41090931511718753 0.083715737734375 0.233908187734375 0.17524397546875
0 0.3428516065820313 0.225756588203125 0.22346216183593753 0.21480411499999996
0 0.620362704296875 0.014627519025390626 0.1787979140625 0.03706753805078125
0 0.947897583203125 0.14481530087109376 0.09639233359374999 0.2346876761484375
0 0.855272776953125 0.13919153396484374 0.16606626953125003 0.2861955679296875
0 0.70865188125 0.20661508244140625 0.2288437148437501 0.2912952719921875
0 0.53516946171875 0.36551842583984373 0.22300415703124998 0.24261908113281247
0 0.741262683203125 0.4101012014453125 0.21941058359374999 0.22632909398437495
0 0.97192300234375 0.547584026171875 0.04834149531249998 0.17210400234375
0 0.8136824443359375 0.5847682673828125 0.29094296054687496 0.210202050390625
0 0.8682356255859376 0.7442132890625 0.228922984765625 0.18133455468749993
0 0.9510331525390625 0.8968653113281251 0.09012119492187498 0.19553269453125
0 0.7855327826171875 0.9017712443359376 0.2198641839843749 0.18632856523437502
0 0.5739038720703125 0.82421875 0.24661340898437495 0.20670095859375004
0 0.4650903678515625 0.9442049218749999 0.224880214296875 0.10377765625000002
0 0.2274785090234375 0.9141307603515625 0.23887577507812502 0.16392597929687502
0 0.34652445044921876 0.7740958814453125 0.24635357957031248 0.209382926953125
