1 0.5398045552929687 0.4905008103515625 0.34586827066406245 0.345520363671875
0 0.0839953847265625 0.04510463640625 0.175803269453125 0.0980217728125
0 0.23258261695312502 0.11837214627929687 0.21525331171875 0.20396173900390624
0 0.05499797421875 0.2185716424609375 0.1178084484375 0.214949443359375
0 0.14885586951171875 0.20832819544921877 0.19853614714843748 0.2223391699609375
0 0.4458960154296875 0.10464081876953125 0.19524644179687506 0.2170941375390625
0 0.8264779453125 0.039780333984375 0.22408751406249994 0.08737316796875
0 0.36434258734375 0.2815230411523437 0.20796927843749996 0.21450465050781248
0 0.5832907625 0.21349395787109374 0.20806616406249995 0.21284438417968748
0 0.83355719765625 0.22917180455078126 0.2111620984375 0.21454428550781252
0 0.788029787890625 0.3348233159960938 0.2132231187500001 0.21733194769531253
0 0.82187367890625 0.5269473998046875 0.21154083281250002 0.20981010429687502
0 0.8914881623046875 0.63744318984375 0.20921117539062495 0.2324416921875
0 0.9712888423828125 0.31115901562500003 0.04960981523437502 0.19941252109375002
0 0.22386511765625 0.4820541503125 0.247635111328125 0.23972132203124996
0 0.08014638529296875 0.633948703515625 0.1681052705859375 0.22387612734375006
0 0.22242064191406252 0.7122014162109376 0.21702807921875003 0.248810949609375
0 0.40761960964843746 0.897318912109375 0.227945321328125 0.19051226015625
0 0.503701469140625 0.96164432421875 0.203340790625 0.06889885156249997
0 0.7086122462890625 0.96568489296875 0.18141382460937505 0.06081771406250003
0 0.8687178517578125 0.8475241333984376 0.23550679960937504 0.21139550429687504
