1 0.6282434646484375 0.4751400436914062 0.279043651171875 0.2865610907421875
0 0.0508407025 0.029746071738281248 0.109493905 0.0673046434765625
0 0.07938451240234375 0.17195206806640623 0.1665815248046875 0.2040277973828125
0 0.11297738163281251 0.245933008046875 0.217023675328125 0.22573897265625
0 0.29678472029296876 0.20919355974609377 0.22472607816406248 0.2263687288671875
0 0.49911481828125004 0.11628690459375 0.24959484234375 0.21545148675
0 0.6298024416015625 0.22665057779296874 0.27927265351562497 0.2098101042578125
0 0.9014607701171875 0.1023067573203125 0.189265959765625 0.20586421926562498
0 0.9471665375 0.3648402269726563 0.09785442499999997 0.21057638121093752
0 0.8783645716796875 0.4145601394335937 0.215359005078125 0.20986295082031242
0 0.43687244583984375 0.365930189453125 0.21495825128906249 0.23041590312500004
0 0.21548011203125 0.4467679855078125 0.227192256171875 0.22347537351562496
0 0.29864316156250004 0.548528660546875 0.22355464328125002 0.20916273281250003
0 0.0719463430078125 0.5695484251953125 0.151705186015625 0.21589187539062504
0 0.09010798337890626 0.8130218609375 0.1880284667578125 0.2621855624999999
0 0.401753628828125 0.702092287890625 0.21295448140624995 0.18283628125000007
0 0.5424248697265625 0.73015827578125 0.17322699414062498 0.20744521562499996
0 0.7324923373046874 0.7512595125 0.18938926835937508 0.21303375156250004
0 0.8502677564453125 0.78330661640625 0.18018954335937498 0.23274556093749998
0 0.9720727345703125 0.7178692220703125 0.04804203085937497 0.15243623164062503
0 0.9392065072265625 0.9038741017578125 0.11377448554687497 0.164586562890625
0 0.27833462513671875 0.844381958203125 0.1866632609765625 0.18813856406249996
0 0.15546390572265625 0.9621397617187499 0.20415991402343753 0.061689684375
0 0.4011569017382812 0.8991311125 0.24247375277343747 0.18362017343750003
