1 0.6497160333984375 0.5537804476953125 0.448143049609375 0.41333321164062503
0 0.1026382001171875 0.17407653878906248 0.213088900234375 0.26165037921875
0 0.47546400966796876 0.17232168902343747 0.2671929697265625 0.26799518671875
0 0.8255930025390625 0.10743327013476563 0.27369730898437494 0.21734612019921876
0 0.8106266408203124 0.26516007875000003 0.2570285152343751 0.20137470828124998
0 0.39864261220703123 0.35243764578125003 0.22414673261718748 0.17842036156250002
0 0.1881267320703125 0.42296209521484374 0.20805225351562495 0.22231895410156244
0 0.043718549453125 0.508908711328125 0.09524959890625 0.21914655078125
0 0.09995350787109375 0.6496180353515625 0.2077195157421875 0.20070011679687494
0 0.40345363552734376 0.7557522609375 0.2197937937890625 0.21297950703125001
0 0.22916058927734373 0.822240555859375 0.2104908109765625 0.2179295507812501
0 0.1004548935234375 0.8922590613281249 0.202714775375 0.20766937734375002
0 0.8960126167968749 0.40739407091796875 0.19292408125000005 0.19992524800781247
0 0.9516071689453125 0.574583394140625 0.088973162109375 0.18490191093750002
0 0.9268956935546875 0.7682663908203125 0.13839611289062503 0.1913242050781251
0 0.7830321980468751 0.764959524609375 0.18623286171874998 0.2150397460937501
0 0.6699264330078125 0.9072527712890626 0.22656705820312495 0.17768195742187498
0 0.8487615775390625 0.9660470755859375 0.19601899804687506 0.060093348828125004
