1 0.6075936267578125 0.67220308984375 0.33690195195312506 0.43221092890625007
0 0.09760780720703124 0.1057792242109375 0.2030281144140625 0.201394271421875
0 0.21945682427734375 0.06328609427734375 0.2000731045703125 0.1343846885546875
0 0.5272358546875 0.0165388070703125 0.16588130624999997 0.040890114140625
0 0.4209832122851562 0.14550450957421873 0.21775912464843755 0.23556405014843748
0 0.2732657483203125 0.2258424640625 0.20571448703125 0.216913578046875
0 0.08570849775390625 0.373064490625 0.1792294955078125 0.2280466109375
0 0.9026872533203125 0.07061416642578125 0.18681299335937496 0.1490408328515625
0 0.9601800310546875 0.144366104140625 0.07182743789062496 0.1867997815625
0 0.7151806474609375 0.0831740593359375 0.232829234765625 0.174160618671875
0 0.709444581640625 0.14827895998046875 0.21505073281249998 0.2039000845703125
0 0.8756121408203126 0.2775573386523438 0.23448069335937494 0.1857252325390625
0 0.29457176574218746 0.39867971396484375 0.213024943515625 0.17123203222656247
0 0.43110335041015624 0.40269385921875 0.17576363433593745 0.17426631203124998
0 0.47884371484375 0.34815609138671877 0.17619961953125002 0.16092252660156253
0 0.542741949609375 0.29953715123046876 0.16195303671874994 0.1409024450390625
0 0.6806409419921875 0.34741843998046873 0.21230710976562506 0.1758649239453125
0 0.96533478359375 0.422126021640625 0.061517932812499954 0.19145469265625004
0 0.9663366685546875 0.5665713958984375 0.059514162890625055 0.15970705351562497
0 0.9087536111328125 0.8577697822265624 0.174680277734375 0.18577807929687495
0 0.9519315458984374 0.7293721814453125 0.08832440820312504 0.16461739023437494
0 0.7189525789062501 0.9539969701171875 0.22133948671875003 0.08419355976562504
0 0.0717217446484375 0.62038692578125 0.151255989296875 0.2309267546875
0 0.2036931017578125 0.84815609140625 0.19045941375000003 0.21224545546874996
0 0.059895099347656244 0.9323144201171876 0.1255592939609375 0.12755865976562497
