1 0.48675750421875 0.602784579296875 0.35481257046875003 0.3069378875
0 0.0663357877734375 0.1058893214453125 0.140484075546875 0.210915480546875
0 0.08913692572851561 0.06312094841796875 0.16230534807421876 0.1340543968359375
0 0.28144817501953123 0.0958594630859375 0.1865399520703125 0.199531426171875
0 0.3646816869140625 0.074258385 0.19235308632812498 0.15632927
0 0.569526405859375 0.062847907265625 0.20393971953124995 0.13350831453125
0 0.92094357734375 0.048522054671874995 0.15030034531250003 0.099783328625
0 0.8066075957031249 0.1350584836484375 0.18815177578124997 0.225849069890625
0 0.7284319509765624 0.14185808906835937 0.1820259652343751 0.21791326100390623
0 0.07275225478515625 0.332504668046875 0.1533170095703125 0.20846691781250004
0 0.1320374154453125 0.2507112281640625 0.19828072153124998 0.1812949196875
0 0.5125246619140625 0.2137207581640625 0.24784209414062502 0.2303410371875
0 0.9491879228515625 0.2157135181640625 0.09381165429687499 0.18585734921875002
0 0.9374515572265625 0.30524459205078125 0.11728438554687504 0.2024600127734375
0 0.61339354921875 0.3284310703320312 0.1931237671874999 0.18236946871093748
0 0.6758142791015624 0.3780651070507812 0.21164652617187507 0.18152832574218752
0 0.8110026775390625 0.40506315185546876 0.19391206289062501 0.2006544181640625
0 0.9540608265625 0.5184655087890625 0.08406584687499996 0.19991896835937495
0 0.919307532421875 0.574833092578125 0.15357243515624996 0.18756605859374997
0 0.819700359375 0.72069872109375 0.20163648515625 0.20604477890625006
0 0.9804995771484375 0.885893020703125 0.03118834570312501 0.13328371640625003
0 0.8768011908203125 0.7909253453125 0.23230517226562508 0.20798689375
0 0.7473620703125 0.9379668123046875 0.23352064531250005 0.11625387539062504
0 0.7181642828125 0.91292409453125 0.21365029609375008 0.16633931093749998
0 0.3468855693359375 0.3344027444726563 0.20220899101562498 0.2010243446484375
0 0.272616174609375 0.40115029583984374 0.17531443773437502 0.1858793684765625
0 0.24528783822265626 0.48116896837890627 0.2124876691015625 0.19117284371093757
0 0.199137278046875 0.6781747640625 0.2300635921875 0.20803533671874996
0 0.07324989430859374 0.7657769341796875 0.1503575958359375 0.21062482382812497
0 0.08270284314453125 0.9097665056640625 0.1732181862890625 0.133556757421875
0 0.3175908962890625 0.7946950748046875 0.20116967304687497 0.171135146484375
0 0.30508605201171873 0.8835677669921875 0.20275947722656248 0.149842341015625
0 0.4065538684179687 0.97432532421875 0.24491791160156245 0.04353685156249998
