1 0.5091138492773437 0.5336787451367188 0.33017280847656244 0.3469780511328125
0 0.2609062323828125 0.10822338290039063 0.24457000421875 0.22180189544921874
0 0.72920483359375 0.0808532095625 0.241738303125 0.169448456890625
0 0.9319136662109375 0.0444176296484375 0.12836016757812496 0.096647759296875
0 0.8860559646484375 0.19969657203125 0.20944458164062496 0.231270257890625
0 0.431675856171875 0.25013211669921875 0.2397081103125 0.2306845405859375
0 0.6647759302734375 0.28485017962890624 0.232014515234375 0.25754386261718754
0 0.7902823775390625 0.43145566158203125 0.2398182074218751 0.23078582996093744
0 0.2555400930078125 0.421020645390625 0.200192009609375 0.23130989281249997
0 0.029664599765625 0.535455714453125 0.06714169953125 0.1973382890625
0 0.114272125140625 0.6931986330078126 0.20385604565625 0.23218186289062503
0 0.037087355546875 0.82052388671875 0.08198721109375 0.19491615000000007
0 0.05860035583984376 0.9561372603515625 0.1250132116796875 0.07991297929687502
0 0.1903911534765625 0.89404021640625 0.20460030296874998 0.20110361484374994
0 0.3496644235546875 0.7032901458984375 0.261952156015625 0.241804361328125
0 0.612059170703125 0.8452341109375 0.25860960390625 0.25041396562499996
0 0.7430947011718749 0.664278290625 0.23810949843749996 0.23292171640625003
0 0.865450165625 0.84856124921875 0.21849017031249995 0.25077068046874995
