1 0.5945713255859375 0.7626105375000001 0.37798143320312505 0.40584043828125005
0 0.09118693630859374 0.10463201099609375 0.1901863726171875 0.2170765219921875
0 0.29171584351562496 0.17688442433593748 0.22772072312499997 0.2170633103125
0 0.324804467265625 0.0249480341015625 0.19573527328124998 0.057708568203125
0 0.585521332421875 0.061370402343750005 0.21170818046874995 0.1305533046875
0 0.892274256640625 0.0447699408203125 0.20763898671875003 0.097352381640625
0 0.8004223330078125 0.14097951310546875 0.274164141796875 0.2197672984765625
0 0.4026057815234375 0.35808466037109377 0.215856644765625 0.2069475761328125
0 0.6657734109375 0.33993843353515624 0.18094260859375 0.20838764777343752
0 0.85405069765625 0.356373749296875 0.2253822578125 0.26792823421875
0 0.97745869140625 0.3663111258984375 0.036160336718749964 0.158108441171875
0 0.5402339345703125 0.5113686408203125 0.29843397695312507 0.22951750976562502
0 0.3061187641796875 0.685751655859375 0.21144835132812498 0.20283434296875003
0 0.0904272653515625 0.7305171927734375 0.188667030703125 0.19175415742187507
0 0.07401837302734375 0.9081040375 0.1558492460546875 0.1594824546875
0 0.30004359857421875 0.8748128345703126 0.26942555675781255 0.16705274101562495
0 0.6976883982421875 0.9542479917968749 0.23284685039062503 0.08369151640625005
0 0.8418849529296875 0.7895667453124999 0.20035495351562493 0.26148974765625
0 0.8911975056640624 0.55625748671875 0.208709131640625 0.19981767890624996
0 0.015495085259765624 0.26860863513671873 0.03880267051953125 0.17367619082031246
