0 0.2741690672265625 0.0299327231640625 0.22723253351562497 0.067677946328125
0 0.127037448953125 0.13965869311523438 0.21370879521875 0.23017247666015628
0 0.06630825189453125 0.2948284349414062 0.1404290037890625 0.2124963535546875
0 0.2323717364453125 0.19613522826171875 0.1990455440625 0.19261869167968748
0 0.143521641640625 0.403034294765625 0.19722232351562502 0.21136139875000004
0 0.6869051744140625 0.14417116394531249 0.19630159726562502 0.17058962953125
0 0.844157945703125 0.10937955805468749 0.18879904453124996 0.2173734685
0 0.861813557421875 0.38845536748046877 0.17194792890625 0.2014020564453125
0 0.21794094587890625 0.6060499015625 0.19549938011718754 0.2099848671875001
0 0.17850468568359373 0.7048092 0.21167134628906248 0.23670416406250006
0 0.0389052472265625 0.80221019921875 0.085622994453125 0.20895474765625
0 0.43942805572265625 0.695699934375 0.1914563885546875 0.18783729609375
0 0.7027238916015626 0.5855523447265625 0.22183124257812492 0.19850769414062497
0 0.8857706753906249 0.6750519619140625 0.20967036171874998 0.21843093632812505
0 0.7646450189453124 0.7842036171875 0.21803894414062508 0.20873140312500005
0 0.4538565671875 0.8781222650390625 0.25899303515625 0.189833722265625
0 0.3690608591796875 0.9376299044921875 0.23075590742187502 0.11692769101562495
0 0.5885561005859375 0.9592031615234375 0.19691237617187501 0.07378117695312503
0 0.869714939453125 0.9455540767578126 0.2135583796874999 0.101079346484375
0 0.9582619238281249 0.864598526953125 0.07416861171875 0.22890533828125004
1 0.43088626742187497 0.3910762469921875 0.39762616671874995 0.397899649765625
