1 0.530875669453125 0.7069035373046875 0.36060808921875004 0.366650225390625
0 0.0879104425 0.03275392826171875 0.183633385 0.0733203565234375
0 0.0740029594140625 0.1925886943359375 0.155818418828125 0.20561319757812502
0 0.33916114712890627 0.12234225267773438 0.2073703494921875 0.19170571448828125
0 0.5756984568359375 0.11832370348632812 0.22869398242187494 0.23363514654296874
0 0.7101910408203125 0.14646675943359375 0.222506517578125 0.20127977027343752
0 0.8445338923828125 0.18146006552734376 0.18798442773437496 0.20495261417968752
0 0.04746732314453125 0.416894201015625 0.1027471462890625 0.21252290031250004
0 0.10798337090820312 0.5309637470703126 0.22249330607421874 0.21375598945312502
0 0.1824091037109375 0.363032430234375 0.20768742953124997 0.20771825671875
0 0.27100655298828125 0.5189191093359375 0.15238338503906249 0.28080080320312495
0 0.48168862732421874 0.4511652691796875 0.2232243516015625 0.18690107101562503
0 0.6419417630859375 0.368724457421875 0.20302811445312496 0.21463676718750002
0 0.7710968326171874 0.3773604848632812 0.23328723945312502 0.20795166308593754
0 0.96760278671875 0.41453812015625 0.05698192656250001 0.18395927296875003
0 0.9562715791015626 0.6611339134765626 0.07964434179687496 0.22450148007812498
0 0.83491139375 0.8271561443359375 0.2232595828124999 0.23342375976562502
0 0.9496679466796876 0.930418545703125 0.09285160664062497 0.11908998046874997
0 0.6752087443359376 0.9493684822265624 0.20692115273437495 0.09345053554687499
0 0.5401172314453125 0.9622520609375 0.19337919257812503 0.06768337812500003
0 0.25754826662109376 0.9208775189453124 0.2390783540234375 0.150432462109375
0 0.02343089416015625 0.8986268671875 0.0546742883203125 0.15174041718749998
