1 0.4155223893554687 0.73861374375 0.24273798613281244 0.31640625
0 0.26459008595703126 0.08124515572460939 0.2363655580859375 0.15922262542578125
0 0.21237536994140627 0.17470449900390625 0.2387216389453125 0.19509670941406249
0 0.49155994568359374 0.11203935315234376 0.2164379578515625 0.2072910794765625
0 0.8993447013671876 0.01722361189453125 0.15961457148437497 0.0422597237890625
0 0.76468476953125 0.15310121900585938 0.23751497343749994 0.2473840896445313
0 0.3934456912109375 0.3337069298828125 0.21185791289062494 0.21614730117187503
0 0.1741231855859375 0.36418184539062504 0.21700165585937498 0.19884882328125003
0 0.12067097661328124 0.49218089419921873 0.1931634019296875 0.22783522410156243
0 0.017578125 0.6238043439453125 0.04296875 0.24265871601562505
0 0.12688926859570313 0.656531848828125 0.19298724632421876 0.23395222656250003
0 0.29159473638671873 0.61169364765625 0.20454305222656252 0.24958163046874998
0 0.22270249083984378 0.8592274697265625 0.1842367178515625 0.253509899609375
0 0.08082458427734375 0.8753611189453125 0.16189578636718752 0.20700923085937506
0 0.9441256517578125 0.3354993129101562 0.10393619648437502 0.1973338851171875
0 0.9163701380859375 0.5529699830078125 0.15944722382812504 0.22135710273437503
0 0.740263000390625 0.514085840625 0.18771138671874998 0.20951504375000007
0 0.671229830078125 0.6355341037109374 0.226778290625 0.23733441367187502
0 0.8553344314453125 0.7748269271484375 0.219485449609375 0.22956154882812507
0 0.5557686548828125 0.9511278361328125 0.23958480117187503 0.08993182773437502
0 0.5762049041015624 0.8888172033203126 0.21920800429687504 0.15467781132812497
0 0.791422984765625 0.929319775390625 0.21927846640624993 0.12273199687499992
