1 0.51794805171875 0.4807351853710937 0.41744028328125005 0.4215975550390625
0 0.024752061015625 0.04214962654296875 0.05731662203125 0.0921117530859375
0 0.16877906568359374 0.011809029734375 0.19296082300781248 0.03143055946875
0 0.175369486328125 0.1463368446875 0.21325834976562497 0.19917911500000002
0 0.115857525375 0.2406153114453125 0.2025877255 0.184760780703125
0 0.15678066869140625 0.32023983591796873 0.19398692925781252 0.21467640238281246
0 0.35589152343749997 0.2138264515234375 0.19678339921875004 0.170245560859375
0 0.44498881412109376 0.1807642509765625 0.20685509441406247 0.1417391840625
0 0.6726544884765625 0.08570629580078125 0.22194722382812504 0.1792250916015625
0 0.84202587734375 0.027539723085937502 0.14067344296874995 0.062891946171875
0 0.946197681640625 0.11090314966992187 0.09744045937500001 0.22591953214453125
0 0.724930858984375 0.268685703203125 0.1893452296875 0.179872463359375
0 0.8537336175781249 0.22976412767578125 0.19872991796874995 0.2371494504296875
0 0.828087566796875 0.3852808801367188 0.17250475624999995 0.1908513600390625
0 0.9140140572265625 0.36485343855468755 0.160372040234375 0.222185033828125
0 0.22475910724609374 0.528336826953125 0.1724166783984375 0.22819634296874997
0 0.29807285791015625 0.702028431640625 0.20541502246093749 0.20829516640625
0 0.14185808906250003 0.7569757609375001 0.20921117531250003 0.19715332578125
0 0.06950879015625 0.80345000703125 0.1468300803125 0.21970123984375
0 0.16767368939453126 0.9367161076171875 0.2319968996484375 0.11875528476562502
0 0.2409610167578125 0.9173235802734375 0.208000105703125 0.15754033945312496
0 0.4302115629296875 0.859445462109375 0.19762894601562497 0.2253117953124999
0 0.5534456033203126 0.9456185703125 0.19768179257812502 0.10095035937499997
0 0.7718454939453125 0.9636370841796875 0.18741632617187498 0.06491333164062496
