1 0.5382213571679688 0.4879179291210937 0.37757187160156247 0.41766928550781246
0 0.068727099765625 0.03340350197265625 0.14526669953125 0.0746195039453125
0 0.38032870623046877 0.039927864296875 0.18579129066406247 0.08766822859375
0 0.8590094771484376 0.09355843080078124 0.232023323046875 0.1949293616015625
0 0.062218151074218755 0.27757715615234374 0.1322488021484375 0.2104794955078125
0 0.22954173125 0.19705203634765625 0.209145116953125 0.18237387261718746
0 0.6051406603515626 0.01574170306640625 0.17631852460937492 0.0392959061328125
0 0.5660803623046875 0.12900313556640625 0.19045941367187497 0.1803568912109375
0 0.6475787416015625 0.15908170095703125 0.18142263242187506 0.2077578917578125
0 0.9686487105468751 0.16259820673828126 0.05489007890624997 0.1734559963671875
0 0.8655844841796876 0.49640422423828123 0.246476888671875 0.2304951733984375
0 0.9475100408203125 0.769542259765625 0.09716741835937504 0.26846550859375007
0 0.17627888951171874 0.32530871267578126 0.21581700957031252 0.21864871058593752
0 0.06501462091796875 0.5160874083984375 0.1378417418359375 0.23233159492187494
0 0.22984559962890624 0.5984115169921875 0.23346339488281248 0.21662292148437495
0 0.03815529876953125 0.7265206630859375 0.0841230975390625 0.19462989726562496
0 0.14330476677734375 0.8457647794921874 0.1988576310546875 0.200398992578125
0 0.24436302142578126 0.8885793931640624 0.2056264092578125 0.17014427148437494
0 0.06159279876953125 0.975021138671875 0.1309980975390625 0.04214522265624998
0 0.48266629076171874 0.838608458984375 0.22967164582031252 0.17900489687499999
0 0.4372886132421875 0.9595855060546875 0.26022583132812493 0.060368517578125
0 0.6948368798828125 0.9018262929687499 0.2268355410156251 0.1885349140625
0 0.90736198203125 0.94574848515625 0.17746353593749997 0.10069052968750003
