1 0.4653017545703125 0.44534332728515624 0.356671011953125 0.38609780167968744
0 0.28748810943359376 0.05651071025390625 0.2493790514453125 0.1208339205078125
0 0.13301728085546874 0.20772486259765624 0.2322303057890625 0.2319836880078125
0 0.18973717587890626 0.286292453515625 0.2281126691015625 0.22615734218750003
0 0.03334625140625 0.41463280375 0.0745050028125 0.19134459562499995
0 0.48307805449218744 0.11672288966601563 0.23630830742187497 0.22454111473046873
0 0.6077411570312501 0.17134433130859372 0.20744961953124996 0.21361946871093748
0 0.850426296484375 0.030415462929687498 0.18808131328125 0.068643425859375
0 0.8307431123046876 0.15146957792968752 0.1902964699218751 0.22123819757812502
0 0.91694264375 0.13581595265625002 0.1532201242187501 0.19489853437500002
0 0.17306625210937499 0.54505619375 0.19728984640625 0.23129227734375002
0 0.03476210189453125 0.7923874365234376 0.0773367037890625 0.23256059726562495
0 0.19906461386718752 0.7104949091796875 0.227725126796875 0.2151167910156251
0 0.18297059964843748 0.84608626328125 0.19794162203125 0.22925327656250005
0 0.4946206490234375 0.704333867578125 0.191873062109375 0.1614157625
0 0.7372815669921875 0.624502360546875 0.177696941796875 0.20065882187500006
0 0.9026894552734375 0.6528479955078126 0.17519993632812503 0.19477962929687498
0 0.6956626091796875 0.8153030755859374 0.21995226210937502 0.186993552734375
0 0.91600241328125 0.867103826171875 0.16018267343750003 0.21684751953125003
0 0.2916409772265625 0.90707352734375 0.208370032265625 0.16888916328125003
0 0.4228658750976563 0.911076662890625 0.21446941933593755 0.17003417421875
0 0.5379901529296875 0.93867363671875 0.20792964335937503 0.10937059609375
0 0.759461756640625 0.9757962232421875 0.14271684765624992 0.04059505351562498
