1 0.5228693981835938 0.40333462511718754 0.3982701520703125 0.383067925546875
0 0.093175292421875 0.04182153677734375 0.19416308484375 0.0914555735546875
0 0.7120803091796875 0.04826002326171875 0.24188363164062499 0.1043325465234375
0 0.3918404734375 0.1161834131953125 0.16937359062500001 0.20861224634374997
0 0.31063715466796876 0.13473920166992187 0.22426366957031252 0.21307338642578127
0 0.21204507822265625 0.17678093291015623 0.18642104707031254 0.18557990417968748
0 0.0803335505859375 0.31866324341796876 0.168479601171875 0.1875484428515625
0 0.03144156919921875 0.46771288398437494 0.0706956383984375 0.15178005234374997
0 0.168893566796875 0.5242059787109374 0.22628065109374998 0.19728984648437498
0 0.9530963748046875 0.04022072294921875 0.08599475039062499 0.0882539458984375
0 0.7587813556640626 0.22265625 0.19909984492187494 0.22992707156250003
0 0.8236550521484375 0.355514990859375 0.18401211914062499 0.19647953078125002
0 0.9589733654296875 0.35234859423828124 0.06938768320312505 0.20192273808593753
0 0.923605728515625 0.547174464453125 0.14497604296875 0.20627818515625007
0 0.9495886767578126 0.7442639339843751 0.093010146484375 0.20893373046875008
0 0.7810474210937499 0.6701927142578126 0.15810844140625002 0.16010780742187503
0 0.7245785478515625 0.7098915763671876 0.17959501835937508 0.14671557929687495
0 0.864016699609375 0.840229090234375 0.22881729140625007 0.21733635156249997
0 0.8008539142578125 0.9473360873046874 0.23815794101562493 0.09751532539062502
0 0.5121084943359375 0.7555422949218751 0.22046311289062498 0.18959184765625003
0 0.10654109708984374 0.750182761328125 0.2208946941796875 0.21486136562500002
0 0.2666819334765625 0.7391356044921875 0.20966037203125 0.17092375976562502
0 0.15331480763671876 0.8871283117187501 0.2356741473828125 0.19850972343750006
0 0.3621516523046875 0.9615760640625 0.15599897820312503 0.06903537187499997
0 0.46532377390625 0.9318388 0.21423160921875 0.12850989999999995
