0 0.14507137908203124 0.049896988046875 0.2888665037890625 0.10760647609375
0 0.37592072630859374 0.09691784568359375 0.2074004520703125 0.2016481913671875
0 0.610785716796875 0.0947550503125 0.22896459296875005 0.197322600625
0 0.8548762033203126 0.09753090359375 0.240373395703125 0.2028743071875
0 0.1828781359375 0.22152585326171875 0.20650707406249996 0.2345755542578125
0 0.0291692495703125 0.22007411390624998 0.066150999140625 0.23741522023437497
0 0.108937427078125 0.43604598162109376 0.223982642953125 0.19707190785156253
0 0.3742866650390625 0.3193461931445313 0.195481148046875 0.22153041136718749
0 0.5877379302734375 0.3486840905078125 0.215805498828125 0.229238076015625
0 0.7984247375 0.3024836821875 0.22171273359375 0.23587459890625004
0 0.946609265625 0.31143113697265623 0.09896896875000005 0.23008587371093753
0 0.9179710291015625 0.493124179453125 0.15624544179687505 0.21630232625
0 0.7796569611328126 0.6054208904296875 0.22145292460937493 0.23082427773437497
0 0.5572035443359376 0.5785215505859375 0.21937901132812498 0.232323876953125
0 0.34518122812499996 0.4951365591796875 0.20361726953124998 0.22162157226562507
0 0.133753737609375 0.585543228515625 0.2163570230625 0.19759608359375003
0 0.2191397133984375 0.7729224402343751 0.2669969734375 0.20376312734375002
0 0.4632507110546875 0.77832601015625 0.203895310703125 0.2125464921875
0 0.7005177947265625 0.8263974984375 0.258742342578125 0.23048242421874998
0 0.9262416130859374 0.8403861580078125 0.13672330820312506 0.23825845976562499
0 0.59282699453125 0.9639686041015625 0.19550849609375004 0.06425029179687503
0 0.3969720865625 0.9400935312500001 0.17910862765625002 0.1120004375
0 0.18260237384765624 0.9201429404296875 0.2457291058984375 0.15190161914062505
0 0.9002037449218749 0.9459665802734375 0.19178001015625 0.09152111289062503
