1 0.31654937642578124 0.5758327755468751 0.4506015713671875 0.44479724500000006
0 0.07024864359375 0.05268813416015625 0.1483097871875 0.1131887683203125
0 0.2356168968359375 0.106660002109375 0.19093503382812496 0.22113250421875
0 0.02553815529296875 0.19923856750000002 0.0588888105859375 0.14339504648437498
0 0.07148833850585937 0.334895980078125 0.14703706314453124 0.23208938125
0 0.359022688828125 0.175433342734375 0.24225796218750004 0.19401775648437503
0 0.534020046484375 0.069817062421875 0.26444475781249993 0.14744662484375
0 0.6600923937500001 0.20285195884765625 0.2148613656249999 0.2298037626953125
0 0.879762806640625 0.09839390150195312 0.20600954765625 0.20301490277734374
0 0.859057919921875 0.38120067638671873 0.27179044531249996 0.2287115980078125
0 0.8026154701171875 0.5461461562500001 0.21162891054687494 0.21615610937500007
0 0.6157121970703126 0.5569885322265625 0.162063133984375 0.25653096835937506
0 0.9086479177734375 0.7369116402343749 0.17489166445312498 0.2703459695312499
0 0.7117940564453125 0.7980728578125 0.21636749570312497 0.28163754218750003
0 0.5460162416015625 0.7852311162109376 0.21528854257812496 0.2663031988281249
0 0.09779717447265625 0.8429484921875 0.2034068489453125 0.25499401093749996
0 0.32438169392578126 0.862843062890625 0.2227575394921875 0.179110590625
0 0.77751990546875 0.950161182421875 0.2162485906249999 0.08037098359374995
0 0.9387551083984376 0.9744596427734376 0.103922984765625 0.04326821445312501
0 0.9825319722656249 0.8846885568359375 0.027123555468750005 0.10683835976562506
0 0.381960347421875 0.966880548828125 0.21535460125 0.05842640234374996
0 0.06509389091796874 0.9530853648437501 0.1380002818359375 0.08243200390624994
