0 0.6729666533203125 0.12834333066796874 0.21880013867187498 0.2290101735859375
0 0.23884872740234375 0.07025780337890625 0.1908775160546875 0.1483281067578125
0 0.38386768888671874 0.11007921893359375 0.24788962222656252 0.2033848089296875
0 0.08011686843554688 0.263284440625 0.15936770711328124 0.24081552656249997
0 0.8904517939453125 0.07099848671875 0.205203471484375 0.1498094734375
0 0.866032033984375 0.30157662986328126 0.26012343203125 0.2342975129296875
0 0.8146673533203125 0.4809541824414062 0.217806483203125 0.21819847574218748
0 0.63042408125 0.4790671492382812 0.16732606484375 0.2558570960546875
0 0.9164828251953125 0.6657786064453125 0.15922184960937502 0.2747274285156249
0 0.7292950517578125 0.7226289017578125 0.20742324257812506 0.27563448085937503
0 0.557559072265625 0.708038579296875 0.21339884765625 0.2601097578125
0 0.105714884765625 0.7676328216796875 0.21924226953125 0.24652220664062496
0 0.07032389513671874 0.9143838427734375 0.1484602902734375 0.15312773476562502
0 0.34170115599609374 0.79837915703125 0.2314441731640625 0.17934108828124995
0 0.38741157384765623 0.9286642173828126 0.23522279761718745 0.13485906523437496
0 0.64694929609375 0.9685266554687499 0.16698421093750004 0.055134189062500005
0 0.7979165146484375 0.912129886328125 0.20549974492187495 0.16792772734375006
0 0.9308703142578125 0.938133569140625 0.12619876757812498 0.11592036171874998
1 0.32506198955078125 0.4963376057617187 0.42760902871093753 0.4392183853515625
