1 0.37097924890625 0.763841424609375 0.3935667982812501 0.37790656718749993
0 0.13190970265625 0.0926071906640625 0.207097308359375 0.193026881328125
0 0.22013282130859374 0.08562482384765625 0.2122762823828125 0.1790621476953125
0 0.4567626128125 0.06168087654296875 0.26150295953125 0.1311742530859375
0 0.5763964734375 0.06373088712890625 0.21363708437499995 0.1352742742578125
0 0.832445215625 0.060469806933593745 0.21239078359375008 0.1287521138671875
0 0.8836250175781251 0.15286340896484374 0.2158918757812499 0.2078988162109375
0 0.7091451169921875 0.20787239291015625 0.189499366015625 0.19955784949218747
0 0.81031787265625 0.32716715408203123 0.22365152890624995 0.21106521292968747
0 0.8500673794921875 0.44429079769531254 0.22850461523437504 0.21243482257812502
0 0.8793598505859375 0.547264744140625 0.20864747773437498 0.21213976171874993
0 0.44404197789062494 0.22899564894531252 0.21060720828124996 0.19802969984375002
0 0.5112497359375 0.258285918125 0.19798566093749997 0.21876321164062498
0 0.11194246758789063 0.27899520853515625 0.21484815388671877 0.23391699542968747
0 0.19024362316406251 0.40370014806640625 0.221409949296875 0.20174217886718748
0 0.3378157588671875 0.4264286217382812 0.212923654140625 0.21105200105468747
0 0.492914141796875 0.5056039494140625 0.16934716718749998 0.20727786757812505
0 0.663785055078125 0.5321594033203125 0.184170659375 0.21291484648437498
0 0.08490258595507812 0.51029188984375 0.17541572715234374 0.17908857109374993
0 0.091356486046875 0.6321298970703124 0.15784861189062502 0.20138986757812505
0 0.08398657694335937 0.729151987109375 0.17129368658203126 0.2064631484374999
0 0.0819365663671875 0.905613637890625 0.171685632734375 0.17312130078125
0 0.939058976953125 0.7544941693359375 0.11406954609374997 0.19826750976562502
0 0.7809835646484375 0.7093653115234375 0.184553798046875 0.222149802734375
0 0.6763339380859374 0.73572919609375 0.171800133984375 0.20068964921875
0 0.6846198562500001 0.8532271703125001 0.1805066234375 0.21631024531249998
0 0.8814384865234375 0.9408029171875 0.21520927304687498 0.11058166562500005
0 0.6828737140625001 0.9513061935546875 0.16873502656249995 0.08444898554687508
