1 0.691012101953125 0.319991016015625 0.38739694921875 0.37641805234375003
0 0.1549222273046875 0.062211545234375 0.21321431085937498 0.13223559046875
0 0.25285592236328125 0.1401119468671875 0.23337531707031248 0.214509054390625
0 0.4257063838085937 0.13509371477929688 0.1664053691015625 0.25005284669140626
0 0.9343159878906251 0.44276044595703123 0.11487105390624996 0.24557409089843757
0 0.6247291609375 0.0833083779609375 0.21379562421874998 0.17238585118750002
0 0.79757301640625 0.054092974916015626 0.15990082421875007 0.11418404735546875
0 0.9018571201171874 0.04217164599609375 0.18328547773437498 0.0921557919921875
0 0.065873379375 0.22056440248046874 0.13955925875 0.20042981964843748
0 0.05380452015625 0.3433822751953125 0.1154215403125 0.211646526171875
0 0.0944171892578125 0.523157853125 0.196646878515625 0.20249524375
0 0.3998467445898437 0.5744015115234375 0.21340367800781251 0.23570937851562507
0 0.8175953001953125 0.5846559681640625 0.23175908945312507 0.17484322148437492
0 0.6833647478515625 0.6230116439453126 0.176886626171875 0.186984744921875
0 0.2155836034375 0.6902524308593749 0.2131570603125 0.19262612734375006
0 0.0329763246875 0.7624674111328125 0.073765149375 0.20223541445312498
0 0.1366064508203125 0.9081700958984376 0.281025401640625 0.175847308203125
0 0.320774908359375 0.8832903220703126 0.25684364421875006 0.225606855859375
0 0.5840438275390625 0.8242451734375 0.20695638398437505 0.22857948125000005
0 0.818907659375 0.77241579765625 0.26211950390625005 0.20205925859374996
0 0.763491315625 0.933393373046875 0.21857824843749996 0.12047720546874996
0 0.9341640537109375 0.86266470546875 0.12105851914062504 0.24914564531249994
