1 0.39574892537109374 0.3413564859570312 0.37452878363281256 0.3615989640234375
0 0.3350853473046875 0.0324522618359375 0.23847502101562498 0.072717023671875
0 0.10488743658789063 0.21786702015624998 0.19201839065234377 0.20288278609375
0 0.162622428125 0.13267818136523438 0.19902057500000003 0.21634107242578127
0 0.5866245068359375 0.14116888036328126 0.19667770585937494 0.24172509161718753
0 0.761842058984375 0.1715557180078125 0.17440283281250002 0.21211333851562497
0 0.840647459765625 0.2965843433007812 0.19587179374999997 0.17165480550781248
0 0.886009723828125 0.4034160971875 0.2147160375 0.21485255796875002
0 0.92154691015625 0.6161988267578125 0.14909367968749998 0.20116526914062505
0 0.9649824724609375 0.79604706875 0.06222255507812502 0.17081806640624997
0 0.80005681015625 0.767373344140625 0.21011397265624998 0.22403466718749998
0 0.4978553058007813 0.647719666015625 0.24441586808593752 0.21395856796875
0 0.1639744222265625 0.42690644371093744 0.16677529593749998 0.22732437273437495
0 0.03860669744140625 0.445849774453125 0.0850258948828125 0.20300169093749992
0 0.03703230693359375 0.6369851853515625 0.0818771138671875 0.18510868789062507
0 0.0917902691640625 0.6563182603515625 0.187614501125 0.21664053710937492
0 0.268150630625 0.752567467578125 0.214121512109375 0.21784279843749998
0 0.3764797068359375 0.85107146640625 0.194572646484375 0.18177934765625003
0 0.5842772335937501 0.8591856328125 0.19983969843750005 0.20718538593750002
0 0.927751990625 0.96051032265625 0.13668351874999995 0.07116685468749995
0 0.7323117777343751 0.957229425 0.19532571171875002 0.06213007343749999
0 0.517089293359375 0.9790506974609375 0.12421170390625003 0.029259441796875008
0 0.28998511486328127 0.976357719140625 0.1616711880078125 0.03947206171874995
0 0.08796989501953124 0.9390677845703125 0.1837522900390625 0.11383173632812493
