1 0.41256958136718747 0.7644799886718749 0.271394095078125 0.3941745351562499
0 0.04720529171875 0.2312482384375 0.1022230834375 0.22052036359375
0 0.1210871441796875 0.227280333984375 0.151929784375 0.20308096109375
0 0.11253479072851562 0.4462989712890625 0.20953265924609374 0.25300345273437497
0 0.38548125712890624 0.054205274103515624 0.1331031568359375 0.11215385429296876
0 0.47444202714843753 0.045333638671875 0.130465226953125 0.09847977734375
0 0.561363796484375 0.0376554573046875 0.08712654999999991 0.083123414609375
0 0.7509270187499999 0.02593230341796875 0.11512207578125 0.0596771068359375
0 0.8418056826171875 0.054216283828125 0.131486929296875 0.11624506765625
0 0.9209567890625 0.0986537309765625 0.150273921875 0.205119961953125
0 0.93511529375 0.25540577439453127 0.12195691249999996 0.21546910230468747
0 0.6924763951171875 0.11760586950585938 0.18533328632812496 0.20707969278515626
0 0.5341609708984375 0.1974638000390625 0.22299534960937506 0.22612651492187497
0 0.4083858864453125 0.30058747884765624 0.252950606015625 0.22631588214843754
0 0.33914132955078125 0.4804335188476563 0.20403660496093753 0.2105587654296875
0 0.26491156990234377 0.5464147935546875 0.17954657550781253 0.19909544101562504
0 0.01699901353515625 0.682574249609375 0.0418105270703125 0.18022917812499994
0 0.12898552001953123 0.7156298443359375 0.1830696871484375 0.19873432226562493
0 0.7661204374999999 0.3389475583984375 0.24525701093749996 0.210783363671875
0 0.8734850619140625 0.4732573808984375 0.2299534949218749 0.23046874992187494
0 0.6423204974609376 0.544851412890625 0.22041466992187508 0.23604407421874996
0 0.96359744921875 0.643300362890625 0.06499260156249997 0.19786235234374994
0 0.040766805234375 0.8999414283203124 0.08934611046875 0.19006746757812498
0 0.092889039609375 0.92740188125 0.19359057921875 0.1373837375
0 0.29582687423828125 0.9602593009765625 0.18912063121093747 0.07166889804687504
0 0.6559571412109375 0.9445550310546875 0.20116526914062494 0.10307743789062496
0 0.777938275 0.9465896279296875 0.18399450390625005 0.09900824414062503
