1 0.5437944792382813 0.4441917102148437 0.34657289308593753 0.35596198582031247
0 0.0456419109375 0.07334898181640626 0.099096321875 0.1545104636328125
0 0.13248881412109376 0.0843454939453125 0.1558228226953125 0.176503487890625
0 0.2870411147265625 0.04193603791015625 0.12396948984375003 0.0916845758203125
0 0.4394002783984375 0.08431466671875 0.18809452523437498 0.1764418334375
0 0.8893522759765625 0.1068581771484375 0.21348294804687495 0.20596550875
0 0.8114474703125 0.1261340015546875 0.2026846109375 0.187786252828125
0 0.9191842234375001 0.3475483547851562 0.153819053125 0.24186601621093748
0 0.47996450466796875 0.16577561302734373 0.22122058207031248 0.18173090472656248
0 0.07158082017578125 0.282588782421875 0.1509741403515625 0.188301507890625
0 0.19277585964843752 0.2779294673046875 0.21414353156250002 0.194634301015625
0 0.3031373309765625 0.3428868376171875 0.185544673203125 0.22639515210937503
0 0.12178075676757813 0.43157236474609373 0.17552142052734376 0.22488902207031253
0 0.2241249471484375 0.49426833769531253 0.17245190953125 0.191300556640625
0 0.05858714416015625 0.5957801929687501 0.1249867883203125 0.20397935468750006
0 0.9357538578125 0.639975426171875 0.12067978437500004 0.24447311875
0 0.8192357490234374 0.8628849000000001 0.199826487109375 0.19237950937499992
0 0.7295505390625 0.8061914283203124 0.23616738281249994 0.15497727617187496
0 0.3932959590625 0.667272935546875 0.20793845140625 0.21089346093750005
0 0.4650771561523438 0.7529990488281251 0.20596110488281255 0.22608687968750008
0 0.5193815177734376 0.9358815705078125 0.276432144921875 0.12042435898437498
0 0.2970357419921875 0.892553903515625 0.210633631640625 0.20707969296874995
0 0.12860678551367188 0.7472629826171875 0.18779065670703124 0.17486524101562506
0 0.09003531919921876 0.828800996875 0.1878831383984375 0.19242795234375
0 0.06572144517578125 0.963106415625 0.1392553903515625 0.06597466875000002
