1 0.5189807637695313 0.6513837021484375 0.39455326933593754 0.39366368398437507
0 0.09118693630859374 0.0418083251171875 0.1901863726171875 0.091429150234375
0 0.3257292840234375 0.042680295234375 0.22304819601562503 0.09317309046875
0 0.048253417421875 0.18308510076171874 0.10431933484375 0.2062649732421875
0 0.24417365416015627 0.1418184540625 0.21402903042968752 0.208550591875
0 0.4657993939648437 0.16433994503906252 0.2064983792578125 0.21920800453125003
0 0.5472030896484376 0.13663727803710937 0.21429766757812502 0.21409508876953126
0 0.8850078388671875 0.0808179784375 0.21242161054687503 0.169448456875
0 0.01719278466796875 0.40961236962890624 0.0421980693359375 0.1330635216796875
0 0.0246507715625 0.500713430078125 0.057114043125 0.15770328359374997
0 0.21244142828125 0.35456375068359375 0.224400190234375 0.19997621894531248
0 0.3094877394921875 0.46328257113281246 0.23784526476562498 0.18379632882812497
0 0.566646262109375 0.34689657910156246 0.21853420937499995 0.18371705898437501
0 0.665986999609375 0.39673759857421875 0.18686583984374994 0.17375986457031245
0 0.7186949513671875 0.3038111260546875 0.15695902617187496 0.174526141640625
0 0.90522389375 0.30012507037109376 0.18173971249999998 0.2335294530078125
0 0.919518919140625 0.3997058202539062 0.15314966171875 0.18277022277343752
0 0.8073122181640625 0.5325689650390625 0.19610520039062496 0.220260533984375
0 0.888070744140625 0.7980067996093749 0.19755848359374995 0.21409949296874997
0 0.8193942890625 0.7666334906250001 0.19035812421874998 0.20763458281250002
0 0.21383746125 0.6618539494140625 0.17915462937499999 0.195246441796875
0 0.02765862810546875 0.745182144921875 0.0631297562109375 0.18113197578125007
0 0.2400384019140625 0.8096110484375 0.17376867249999997 0.20892051875000006
0 0.07113162345703125 0.925554449609375 0.1500757469140625 0.1283337445312499
0 0.082605957578125 0.8882248802734375 0.17302441515625 0.145865628515625
0 0.2889744221289062 0.9321845052734374 0.22233476589843754 0.12781848945312502
