1 0.43983846529296877 0.48734101951171876 0.34601359910156254 0.4090728930078126
0 0.0768192467578125 0.14290841671484375 0.161450993515625 0.2514576874296875
0 0.31233045025390627 0.04298196166015625 0.2248405791796875 0.0937764233203125
0 0.5758371794921875 0.027892034238281252 0.21120613710937497 0.0635965684765625
0 0.47384089619140624 0.13330793756445314 0.2530827224609375 0.22505196588671875
0 0.19821025931640626 0.16239342587890626 0.1959818912109375 0.2188204622265625
0 0.36938283890625 0.219837760703125 0.2324328846875 0.19780510148437502
0 0.16144658962890626 0.34907210048828125 0.23144200957031252 0.2110035583984375
0 0.9055872146484375 0.114719119921875 0.181013070703125 0.23725073984375
0 0.8000105693359374 0.2310985062109375 0.206648111328125 0.22972449265625
0 0.6834902585937499 0.3576024345507813 0.22333444921875 0.2482780793359375
0 0.9674750740234375 0.35953574197265625 0.05723735195312496 0.1879976394921875
0 0.955291713671875 0.5843543015625 0.08160407265625003 0.2090922703125
0 0.853894359375 0.5048993271289062 0.22100038749999995 0.24826046371093746
0 0.095828635859375 0.5389303833984375 0.19946977171875 0.225197294140625
0 0.01642870984375 0.6386014126953126 0.0406699196875 0.16092252695312503
0 0.097033099625 0.746639832421875 0.19507028606250001 0.17288789453124997
0 0.2890250669140625 0.704351483203125 0.201332616953125 0.26651898984375
0 0.6509389091796876 0.6570118728515626 0.21947223789062498 0.20034174179687503
0 0.9132786076171875 0.7953314367187501 0.16563028476562502 0.23742689531249994
0 0.0319788437109375 0.9076790623046875 0.071770187421875 0.16397001835937497
0 0.12467191023046875 0.9408579658203124 0.20415110625781252 0.110471568359375
0 0.34866694259765624 0.9193779947265626 0.2150375210546875 0.15343151054687498
0 0.4949113056640625 0.8662252501953125 0.20630901210937497 0.22241844023437496
0 0.716004175 0.8871084943359375 0.21157606406249996 0.20504949960937502
0 0.88297984765625 0.950793140625 0.17411217578124993 0.08673460390624999
