1 0.39382002177734377 0.5075394588671875 0.3504483158203125 0.352733934609375
0 0.20765219841796873 0.025635040859375 0.20953706316406248 0.05908258171875
0 0.153658311015625 0.10446686513476564 0.202407166015625 0.19682303410546875
0 0.20294444052734373 0.19156919390625 0.2277867812890625 0.220784596953125
0 0.190377941796875 0.34868896201171873 0.20434487742187502 0.2523648884765625
0 0.1292453494921875 0.5421254052734374 0.170131059765625 0.223211140234375
0 0.0410464522265625 0.3866240664453125 0.08289441234375 0.19681422648437497
0 0.029334308066406252 0.7644337478515625 0.0664811161328125 0.22391576210937503
0 0.16965764162109376 0.8289022865234374 0.2044769941015625 0.207779911328125
0 0.43057708576171877 0.7766941763671875 0.19568242691406257 0.170919355859375
0 0.59456471953125 0.9094097908203125 0.22251092187499993 0.17092816367187502
0 0.6612594244140626 0.7603447365234375 0.230319017578125 0.16392157539062502
0 0.78884230546875 0.8359022689453125 0.17818136953124997 0.17591777070312498
0 0.90953970546875 0.9342058906249999 0.16417700078124997 0.12377571875000004
0 0.932966195703125 0.6567982841796876 0.12625510859375 0.23124383476562504
0 0.9076086 0.5805449373046875 0.17697030000000002 0.20285636289062497
0 0.6501065740234375 0.32337760716796876 0.22544391210937498 0.1950042278515625
0 0.49558069687499995 0.1757085858203125 0.19524644140624997 0.20727786781250002
0 0.7121507716796875 0.16748872605468748 0.20837884023437503 0.212646209140625
0 0.5468155474609375 0.032040498169921876 0.21350496757812498 0.07074848506640626
0 0.799341178125 0.03547553199023437 0.213007328125 0.07569845687890625
0 0.910253135546875 0.12103649944140625 0.17168122890625004 0.2069651916640625
