0 0.09582847140625 0.07706069501953125 0.1994694428125 0.1619338900390625
0 0.4017261340820313 0.0974215103515625 0.2381718568359375 0.202655520703125
0 0.6543287814453125 0.0955504302734375 0.25696926054687497 0.198913360546875
0 0.9065531103515625 0.2357993910546875 0.179081279296875 0.2126194209375
0 0.7058643888671875 0.2563356913671875 0.2188958574218749 0.25536026835937503
0 0.43274595238281244 0.19476553384765627 0.24636267492187497 0.2120040840234375
0 0.2771910553515625 0.3511044158984375 0.269130141640625 0.234288397109375
0 0.5571146623046875 0.37494986146484377 0.26264859257812506 0.2409294778515625
0 0.2353344698046875 0.555218512890625 0.24099784859375 0.20583704062500002
0 0.16758359466796877 0.7105386705078125 0.24056027566406252 0.21719570429687507
0 0.1169436442578125 0.8622260611328125 0.241699788515625 0.21960235585937504
0 0.47473927947265626 0.58899595234375 0.21789308636718752 0.21523118437499994
0 0.670181683984375 0.5592090869140625 0.1719980671875 0.19266883007812508
0 0.9031391298828124 0.5123135756835937 0.18590924023437505 0.2673433853515625
0 0.6692928638671876 0.7082436916015625 0.2261021371093751 0.21252370195312498
0 0.4865172840625 0.8082815234375 0.20725459437500005 0.21329401250000002
0 0.4947650779296875 0.923828125 0.20957464257812503 0.14453125
0 0.8078621828125 0.87835472578125 0.26411628515624996 0.22545033515625001
0 0.9373700955078125 0.8450285333984375 0.11744730898437505 0.21303876132812505
0 0.8774271623046874 0.027542025234375003 0.220313411328125 0.06289655046875
