1 0.43452297078124996 0.5384833884375 0.4180524240625 0.35961721375
0 0.2687825887109375 0.19265695462890625 0.24937464757812502 0.2510833568359375
0 0.6066225689453125 0.1180044215 0.25939790039062505 0.194145469265625
0 0.773021332421875 0.0824121864453125 0.21276511406249998 0.172636872890625
0 0.8869675697265625 0.025018496328125 0.194444933984375 0.05784949265625
0 0.9344304890624999 0.17415401283203125 0.12332652187500004 0.19246318347656252
0 0.6113963853515625 0.2845969559570313 0.255689825390625 0.20478086230468753
0 0.04200209625 0.44253584773437504 0.0918166925 0.22849580765625005
0 0.1960809787109375 0.3723862916210937 0.22004914742187498 0.1818850409765625
0 0.698478896484375 0.43180577087890626 0.22528537187500008 0.19850972386718757
0 0.943376990625 0.48598682353515626 0.10543351874999995 0.24756905292968756
0 0.8241438837890624 0.606254844140625 0.233855341015625 0.22802018749999997
0 0.97553639375 0.6873700853515625 0.041114712499999984 0.141369257421875
0 0.9354808166015625 0.8805246792968751 0.12122586679687497 0.2121838007812501
0 0.749075183203125 0.7888577189453125 0.18534209375 0.205489888671875
0 0.5825531109375 0.7832295482421875 0.19092182187500006 0.22033980429687494
0 0.46174561375 0.920212531640625 0.2023631271875 0.15176243671875
0 0.6499656496093751 0.975534191796875 0.1678322296875 0.04111911640624999
0 0.19926278890625 0.7746507716796875 0.22080221249999998 0.208572611328125
0 0.0601879580078125 0.8370340685546875 0.128188416015625 0.22857948164062503
