1 0.42147424611328127 0.18777964698046873 0.2529153749609375 0.3057488373671875
0 0.06902216037109375 0.14687191727734375 0.1458568207421875 0.23941745349218752
0 0.2285442502734375 0.07290198702734374 0.21944581453125 0.1475479143046875
0 0.7217864818359374 0.0584197963671875 0.23342816367187502 0.124652092734375
0 0.9167951134765625 0.0950579551953125 0.158597273046875 0.197928410390625
0 0.17746793966796875 0.2482032130859375 0.2250299464453125 0.197056440234375
0 0.1659869997265625 0.38964513458984373 0.22170941374999997 0.1890633808203125
0 0.07273463923828125 0.5488963853515625 0.1532817784765625 0.19519799882812494
0 0.5401876937500001 0.3193964910546875 0.24073862031250004 0.210999154609375
0 0.7456489572265625 0.29286525865234375 0.18965790585937492 0.2167550381640625
0 0.8578622638671876 0.3390576557226562 0.14934910507812493 0.2575350549609375
0 0.9683646595703125 0.396070409453125 0.05545818085937504 0.15056457875
0 0.4818625810351562 0.4983111083984375 0.2159623379296875 0.21804978164062505
0 0.26408584060546875 0.612076786328125 0.2095943137109375 0.23132310468749995
0 0.02541484638671875 0.7415819652343749 0.0586421927734375 0.18694070625000003
0 0.08888150013671875 0.7423878769531249 0.1855755002734375 0.19263933906249997
0 0.33852478515625 0.731285671484375 0.21199002968750003 0.21243922656250003
0 0.5603354884765626 0.5515453248046875 0.20426560742187505 0.20878399804687497
0 0.7837602169921876 0.49779805527343746 0.22022970664062502 0.19537415429687494
0 0.9028127642578125 0.554768971875 0.18656197148437503 0.18959184765625003
0 0.9087910443359375 0.689679925390625 0.17460541132812502 0.20805735625
0 0.5820708849609375 0.7680471392578125 0.21502430976562503 0.19728544257812497
0 0.6577847554687499 0.7191397443359375 0.18901934218750005 0.18820902617187496
0 0.9194088218750001 0.92435879375 0.15336985625 0.14346991249999996
0 0.8137154734375001 0.8552507574218751 0.19761133046875 0.19815300859375007
0 0.7932285794921875 0.941597819140625 0.22557602851562497 0.10899186171874997
0 0.5623899029296875 0.95723382890625 0.21165093007812502 0.07771984218750005
0 0.5468992212890625 0.92259943984375 0.224611576953125 0.14698862031250004
0 0.12900753946484375 0.9444449337890626 0.2397301296640625 0.10329763242187495
0 0.185756059765625 0.903552617578125 0.25053727453125 0.17596621328125006
