1 0.46307999224609375 0.470637066640625 0.3499462725390625 0.354147583125
0 0.04122480974609375 0.063937869921875 0.0902621194921875 0.13568823984375
0 0.213835259296875 0.07445876197265625 0.20340684890625 0.1567300239453125
0 0.27082158962890623 0.15152462654296875 0.22254615277343748 0.2194193912109375
0 0.560760463671875 0.1367209519550781 0.21113127109374996 0.21487017335546874
0 0.635833568359375 0.013731327507812498 0.13940071874999993 0.035275155015625
0 0.7766303199218749 0.1278757398457031 0.20330115546874994 0.21648640077734374
0 0.943167805859375 0.09316208074414062 0.10585188828125003 0.17327103296484375
0 0.7135357947265626 0.2855944370117187 0.22835047929687502 0.18825306511718748
0 0.0718868905078125 0.3772041467578125 0.151586281015625 0.249141241640625
0 0.09972167418164063 0.46816648466796873 0.19296963077734375 0.22282359785156247
0 0.18853271208984376 0.5203217482421875 0.18841160511718752 0.183126937890625
0 0.25414406003906254 0.3121564966601562 0.20456947578125 0.24475937152343746
0 0.9397041466796875 0.5717239466796875 0.11277920664062502 0.271037380078125
0 0.02569449337890625 0.7853676367187501 0.0592014867578125 0.1710734921875
0 0.05947232595703125 0.719864183984375 0.1267571519140625 0.26029629374999996
0 0.2334810104296875 0.79110150078125 0.205432638125 0.20622533828125
0 0.492608071484375 0.7350355833984374 0.18913384296874997 0.15900683476562494
0 0.7264281814453124 0.7121199443359375 0.220736154296875 0.14461932773437502
0 0.6610106046875 0.8722828001953125 0.2238937429687501 0.18250598945312502
0 0.8568890042968751 0.798308466015625 0.16980076796875 0.19263053125000007
0 0.940355922265625 0.9075601572265625 0.11147565546875005 0.16064948554687497
