1 0.256235907578125 0.7549037310546876 0.3561865840625 0.415018144140625
0 0.0247850901953125 0.093791836953125 0.057382680390625 0.19539617390625
0 0.33504791427734376 0.071276951796875 0.2451645292578125 0.15036640359375
0 0.21030554185546876 0.17386555806640624 0.2281963430078125 0.2280069757421875
0 0.6457114923828124 0.04000052845703125 0.22597237851562502 0.0878135569140625
0 0.94172553203125 0.03577279453125 0.10873643593750004 0.0793580890625
0 0.788961210546875 0.15506535373046876 0.20404100937500003 0.2371406426171875
0 0.9061509125 0.16240003169921877 0.16609269296875007 0.2009098435546875
0 0.5014378700195312 0.272942062421875 0.2375502044921875 0.2277559540625
0 0.38243376556640624 0.2696875880859375 0.2197893180859375 0.21803216601562503
0 0.3020407624023438 0.400003082734375 0.21397618378906252 0.23393901500000003
0 0.20269562078125 0.4483577895117188 0.19826750984375002 0.2113382537890625
0 0.12042215685546875 0.5102698703124999 0.17019711808593752 0.17870102890624995
0 0.046342129375 0.87584114296875 0.10049675875 0.22617495781249997
0 0.4784693841992187 0.5377743623046874 0.21209131910156248 0.24190124726562495
0 0.719139744140625 0.37496697080078123 0.21730112031249993 0.22002272402343753
0 0.7024666185546875 0.4956159279296875 0.20979689257812506 0.19526405742187503
0 0.676292101171875 0.6092847201171876 0.20451662890625 0.20775348789062498
0 0.915815248046875 0.4459510639257812 0.16055700390625005 0.20899098074218747
0 0.920216935546875 0.5273657693359375 0.14970141640625 0.21210893476562503
0 0.6555585892578125 0.8125726642578125 0.24388740117187502 0.22933254648437496
0 0.8870732630859375 0.817848523828125 0.20030210664062498 0.19832035625
0 0.8293074443359375 0.9661208779296875 0.1707608160156251 0.059945744140625035
0 0.605966389453125 0.9609837408203126 0.24099844999999998 0.07022001835937497
0 0.43163181720703125 0.9386009724609375 0.22162573980468747 0.10251374023437498
