1 0.391186495859375 0.6668897970703125 0.33639990828125 0.355922350390625
0 0.06252422138671875 0.0276189930859375 0.1328609427734375 0.063050486171875
0 0.27011256341796874 0.02138528748046875 0.18513951519531247 0.0505830749609375
0 0.0299442467578125 0.1463104213671875 0.067700993515625 0.16765607382812503
0 0.0348810069140625 0.3021178304101562 0.077574513828125 0.1746890852734375
0 0.5660010921875 0.0249700535546875 0.21306898281249997 0.057752607109375
0 0.9109401423828125 0.016840473515625 0.17030721523437498 0.04149344703125
0 0.18385798335937498 0.1969639585546875 0.20049147406249998 0.22255496054687499
0 0.4015312324414062 0.11369521561132813 0.21488778902343747 0.22126902479296875
0 0.7173649765625 0.11293994856054687 0.21792647265624998 0.20978808483203126
0 0.297434293984375 0.30023516767578123 0.19545342453125 0.1906267615234375
0 0.338055770859375 0.38830635210937503 0.20546786921875002 0.18179696296874998
0 0.745974844921875 0.3262687605859375 0.21482173046874997 0.205824584296875
0 0.9225091599609375 0.32914890431640625 0.13787697304687496 0.2267870983984375
0 0.665711756640625 0.3488034632226562 0.1925688765625 0.17986805949218748
0 0.076440512265625 0.498496071875 0.16069352453125 0.19883120781250002
0 0.186491509296875 0.5636119822265625 0.12325605976562498 0.226012013671875
0 0.030356010429687497 0.6602002890625001 0.068524520859375 0.2333532976562499
0 0.08338544603515625 0.7144958425781249 0.1745833920703125 0.19716213359375
0 0.0344868587890625 0.9367491369140625 0.076786217578125 0.09506676289062499
0 0.25137181158203126 0.887013810546875 0.20873115136718748 0.20675380468749993
0 0.3377541043359375 0.93511969765625 0.154369538984375 0.12194810468749995
0 0.595872674609375 0.971447382421875 0.24918968437500005 0.04929273515624999
0 0.9049552564453125 0.9055013388671875 0.182276987109375 0.18118482226562505
0 0.824872727734375 0.85421364140625 0.16796875 0.22859709687499996
0 0.9457176578125 0.6015558943359375 0.100752184375 0.23694246757812504
0 0.7974342939453125 0.5638872251953125 0.17882433789062502 0.23059646289062502
