1 0.44878056304687497 0.37459043830078126 0.40389391921875 0.36679995777343744
0 0.12479081523828126 0.09140272688085938 0.25306070319531254 0.17987246334765628
0 0.29183915234375 0.16346136908203127 0.18864941515625003 0.2174156214453125
0 0.12923433978515625 0.26413868728515627 0.17669725902343753 0.1960479495703125
0 0.02299270716796875 0.5065023427734375 0.0537979143359375 0.18906338085937496
0 0.09966662556054688 0.48422967158203123 0.15119873872265624 0.21794849199218747
0 0.18424992955078126 0.6443661041015625 0.2079692784765625 0.21324954179687494
0 0.01987695533203125 0.7710351783203124 0.0475664106640625 0.18886080195312493
0 0.07671135146484374 0.8756605833984374 0.1612352029296875 0.2055647550781251
0 0.3172539987890625 0.82616747109375 0.22122058210937504 0.16359128359375008
0 0.26329754439453124 0.955692467578125 0.2272274873046875 0.08080256484375004
0 0.514319246875 0.9190432990234375 0.23501356406249996 0.15410090195312498
0 0.8079882152343749 0.9771592269531251 0.18393725312499998 0.03786904609374997
0 0.5292484322265625 0.09980755003125 0.22033099648437493 0.19535213501562498
0 0.9173191763671875 0.10682514796875 0.15754914726562497 0.2214627959375
0 0.72820515078125 0.06550565458984375 0.203125 0.1388238091796875
0 0.7496807181640626 0.21310201169921875 0.19539617382812502 0.1726632962109375
0 0.9364100373046875 0.404953054453125 0.11936742539062495 0.20275066921875
0 0.9223638316406251 0.6222872039062499 0.14745983671874996 0.21422280156249995
0 0.9822325078125 0.7995657763671875 0.027722484375000023 0.12611858789062502
