0 0.12504102246679688 0.07284221849609375 0.20509407819140624 0.1534969369921875
0 0.3273045507617187 0.03251485923828125 0.2235359539453125 0.0728422184765625
0 0.502103540703125 0.13258231841015625 0.23765223890624992 0.2350632657578125
0 0.7871070958984375 0.1527129521484375 0.23975350039062504 0.20775598015624996
0 0.2705499744921875 0.208359921953125 0.235437026015625 0.19898173132812497
0 0.13314751677929687 0.2581292845703125 0.2518551269101562 0.19419577742187497
0 0.2653583540039063 0.394576830546875 0.17756800613281248 0.14616759046875
0 0.36323111152343746 0.379314195625 0.258979361328125 0.21894599625
0 0.0335928383984375 0.4157786062695312 0.074998176796875 0.16904444996093754
0 0.09499662704882812 0.561045981640625 0.19191675176171877 0.21196761953124998
0 0.21002816876953126 0.62808580078125 0.19114188300781249 0.21225933515625006
0 0.04148054623046875 0.7240715248046875 0.0907735924609375 0.20511686835937493
0 0.09707281943359375 0.8644002517578124 0.2019581388671875 0.19479744023437495
0 0.2622679951953125 0.8529276363281251 0.15379321031249998 0.207213571875
0 0.958530848828125 0.09434026765625 0.07512580234374999 0.1964930353125
0 0.9373245150390626 0.38386313080078127 0.117538469921875 0.24468075402343753
0 0.85195221328125 0.5662900197265625 0.213950371875 0.19291952304687493
0 0.7860929294921875 0.40343540322265625 0.24066966914062504 0.18052162324218746
0 0.8025110304687499 0.863007766796875 0.1952532453125001 0.1807632
0 0.4385278405273437 0.9257037630859375 0.1623532306640625 0.14077997382812502
0 0.7615295908203125 0.9559145273437499 0.22460709570312498 0.08035844531250003
0 0.930366649609375 0.6624922513671875 0.13145420078125003 0.19429605429687502
1 0.5753035661718751 0.62574524140625 0.39633168015625003 0.43513437109375
