0 0.160078763125 0.10215048862304688 0.21410078765625 0.20473855017578124
0 0.06582965650390625 0.17256554478515623 0.1394718130078125 0.21504430425781249
0 0.37938940349609374 0.11956680279492188 0.2228340141015625 0.18092728995703122
0 0.4484803455859375 0.16917435457031252 0.19891336039062502 0.15496007148437502
0 0.7500341853515625 0.06482232716796875 0.24380560820312502 0.1374571543359375
0 0.864242998828125 0.14129047548828125 0.22932467890625008 0.1975185968359375
0 0.1230012944921875 0.33353768587890625 0.196739170078125 0.21164399777343748
0 0.285732843515625 0.508341233984375 0.21079620046875003 0.18998869609375002
0 0.0935152603515625 0.619297877734375 0.193566766328125 0.23710071484374995
0 0.15911017720703124 0.6721051816406249 0.1476124926953125 0.1951894328125
0 0.06585928384765626 0.866763601171875 0.1395310676953125 0.2384498976562499
0 0.4233267393554687 0.8284714119140625 0.22807121503906247 0.22609757851562495
0 0.4354716670703125 0.93454866171875 0.23858663929687496 0.12309017656249999
0 0.8329884408203125 0.8058771513671875 0.199752041796875 0.20635210039062502
0 0.227765825546875 0.921120642578125 0.165092619609375 0.14891609531249994
0 0.956591398046875 0.8873659933593749 0.07900470390625003 0.19369895000000004
0 0.8528410333984375 0.4759129775976562 0.13714720664062496 0.19587314011718748
0 0.9554541640625 0.3374986325 0.08004849765625 0.290598563125
0 0.9305694830078125 0.08265570302734375 0.12588881992187506 0.1731239060546875
0 0.9551282634765625 0.6062413396484375 0.07625164101562498 0.20183507148437507
1 0.5606038506640625 0.6249225130859375 0.41821032679687503 0.40625911601562503
