1 0.5796905828125 0.3412882258007812 0.26731168984375 0.3641312007421875
0 0.11746934892578124 0.0603310844140625 0.2427511978515625 0.128474668828125
0 0.36189622671875 0.0756698316015625 0.21286199968749997 0.159152163203125
0 0.9094648392578125 0.10581005142968751 0.17325782148437496 0.20808818346875
0 0.3718490170507812 0.2576187288671875 0.19566040730468753 0.1883983934375
0 0.12237968573242189 0.42171205605468753 0.21590508736328126 0.222325958203125
0 0.0932897935546875 0.5272710857421875 0.194392087109375 0.179938521484375
0 0.3334537063085937 0.3962972097460937 0.1984304537890625 0.23891100628906248
0 0.8947756658203125 0.32823729916015626 0.20263616835937504 0.21891294386718751
0 0.34578459693359376 0.5783121654296874 0.2251356397265625 0.23014286210937496
0 0.24421989500000002 0.6770737916015626 0.210959519453125 0.20146473398437503
0 0.09959396138085938 0.7114175238281251 0.20144271419140625 0.19348928984375002
0 0.04454534244140625 0.8790449726562499 0.0969031848828125 0.17411657968750005
0 0.23159834767578125 0.8927851078125 0.2225241333203125 0.19428639375
0 0.429799799140625 0.7927221322265625 0.22794091734375 0.21119292539062506
0 0.5398419884765625 0.55806308125 0.20872674726562496 0.17579005781250007
0 0.7357864466796875 0.50822206171875 0.18944211523437504 0.208471321875
0 0.8996485695312499 0.5401106255859375 0.1928903609375 0.221321871484375
0 0.638264515234375 0.7259283400390625 0.19901176718750002 0.19564719570312494
0 0.49627651152343755 0.9426569546875 0.20532254101562503 0.10687359062500001
0 0.6203296751953125 0.869197875390625 0.17904893632812502 0.21012278046875
0 0.821056757421875 0.6881804009765624 0.14414811171874997 0.19023481523437502
0 0.9402392193359375 0.73583709140625 0.11170906132812497 0.20677142031249995
0 0.8049341177734375 0.9106538894531251 0.19748802148437505 0.16341953203125004
0 0.9552763 0.9232269939453125 0.08163489999999995 0.14008772539062497
