1 0.5261304784375 0.6471537662109375 0.42923389937500006 0.399225796484375
0 0.0966587690234375 0.13767219207421877 0.201130038046875 0.2200227240546875
0 0.31927098015625 0.21005672208984374 0.25252342875 0.20789000847656253
0 0.4314446519335937 0.0332625775 0.1844172773828125 0.074337655
0 0.6053960857421875 0.115729812578125 0.228293228515625 0.23927212515625
0 0.848995032421875 0.02061460681640625 0.27583321562500007 0.0490417136328125
0 0.8639484392578125 0.21112026140625 0.20300609492187505 0.21806739710937498
0 0.1348999436328125 0.3493891805859375 0.19843045375 0.20589504664062502
0 0.548218186328125 0.35544452861328124 0.22895821562499996 0.2087223435546875
0 0.70242698359375 0.36952156138671877 0.2087223437500001 0.20353015769531252
0 0.31293598509765624 0.46106301082031254 0.23169743527343753 0.24745895570312504
0 0.10043290234375 0.596213976171875 0.2086783046875 0.2296143953125
0 0.8107736751953125 0.569215931640625 0.22296892617187503 0.2286235203125
0 0.17294294322265627 0.769511432421875 0.2171161569921875 0.3299526140625
0 0.36208119015625 0.9344657201171875 0.17083127828125 0.12325605976562504
0 0.48707898818359374 0.927322611328125 0.24482983378906248 0.13754227734375002
0 0.74237246328125 0.8828565388671875 0.226113303125 0.21229389804687493
0 0.033661129517578124 0.77424341171875 0.06827349916796875 0.21089346093749994
