1 0.25436425458984374 0.6723506201171875 0.3930911783203125 0.40079798476562506
0 0.06841442361328125 0.06186143601562499 0.1446413472265625 0.13153537203125
0 0.33053392751953126 0.030871265507812502 0.2103826098046875 0.069555031015625
0 0.9269416748046875 0.07467014866992187 0.13830415039062505 0.15297791008203124
0 0.5319986611328125 0.1006464909765625 0.261652691796875 0.198826803828125
0 0.18504262966796875 0.1859696483984375 0.23271913753906248 0.217080925859375
0 0.034044267890625 0.2689411287890625 0.07590103578125 0.19107595828125
0 0.08404823140625 0.436139198203125 0.1759089628125 0.20487774812500004
0 0.471258015078125 0.2124524380078125 0.24169866828124997 0.21492742390624997
0 0.7054678691406251 0.14321668898242187 0.23107208281250002 0.23532183625390626
0 0.8781377712890626 0.12789996125 0.19474439804687493 0.177260956875
0 0.8242473751953125 0.3098004156640625 0.22873361757812505 0.205582370234375
0 0.6707520080078124 0.44319643103515627 0.21596674179687503 0.2482076168359375
0 0.4589271243359375 0.47113911015625 0.227606221640625 0.18713447734375
0 0.5407447859375 0.63198897265625 0.22328600624999995 0.19978685156249998
0 0.6622348859375 0.73428912421875 0.19699478593749997 0.22159050859374996
0 0.897728473828125 0.47248449843749996 0.19673055234375003 0.15113268046875
0 0.830084730859375 0.6337813556640626 0.22023851484375 0.16994609648437498
0 0.8765303515625 0.7309994185546875 0.19989694921875 0.21803216601562503
0 0.48806105546875 0.914168193359375 0.18851289453124997 0.15684012109375
0 0.15086844701171875 0.9486594558593751 0.1230710963671875 0.08716178124999996
