1 0.4686200852929687 0.30732983369140626 0.37754985207031244 0.36578706308593745
0 0.15546610767578126 0.0793977240625 0.21789564542968748 0.166607948125
0 0.20047826240234373 0.15822954833984373 0.19308413191406248 0.2285310386328125
0 0.1585025894921875 0.28328019310546876 0.22672544390625 0.23713183488281253
0 0.015503893039062501 0.35945427 0.038820286078125 0.1819863303125
0 0.21992804044921874 0.6197835929687501 0.19554590613281247 0.23659896406250003
0 0.05633675662109375 0.7135886416015624 0.1204860132421875 0.20735273398437493
0 0.07421434611328125 0.7683994503906251 0.1562411922265625 0.19062676171874993
0 0.18351888388671875 0.9492693947265625 0.22806863019531248 0.09364871054687496
0 0.19323606609375 0.8941503136718749 0.19785354421875 0.16101060468750006
0 0.8748282482421875 0.06306149591796875 0.24253100351562495 0.1339354918359375
0 0.672696325390625 0.09700007046875 0.21279153750000002 0.2018126409375
0 0.859989342578125 0.35356406783203126 0.21376039296874993 0.19053427996093752
0 0.7701830255859374 0.33990540443359374 0.22791889804687504 0.2329921786328125
0 0.40058879998046876 0.8783579658203124 0.19857578207031257 0.235471568359375
0 0.49830230078125004 0.8987810033203125 0.199632715625 0.19462549335937496
0 0.89459070234375 0.895623414453125 0.15685333281250002 0.20084378515625
0 0.7782311337890625 0.8774133314453125 0.24686002695312492 0.20711492382812502
0 0.852293545703125 0.6902039882812501 0.20634864687499999 0.17103826093749996
0 0.7464108300781249 0.6578684294921875 0.21221462812500003 0.197888775390625
0 0.6252422138671875 0.6083400859375 0.22073175039062498 0.22948668281249995
0 0.8502963818359375 0.575557532421875 0.21224545507812498 0.20463993828125004
