1 0.5099395786523437 0.37548883171875 0.4118869786328125 0.45068524515625
0 0.4487167065429688 0.0472977733984375 0.24354389785156255 0.102408046796875
0 0.72860150078125 0.12605913542578123 0.16144658984375004 0.1823166220390625
0 0.8849726078125 0.26687350267578125 0.18799763984374995 0.2269015994921875
0 0.31844304880859375 0.12947875564453126 0.23555964613281247 0.1866896843359375
0 0.21135586951171875 0.34515263884765623 0.2000510851171875 0.2675935387109375
0 0.195845370625 0.553038243359375 0.256438486484375 0.18932761406249998
0 0.341739624453125 0.66949469765625 0.23842217453125003 0.22001391640625
0 0.7636564613281249 0.5002840509765625 0.23566974375000005 0.21429766757812496
0 0.7766060984375001 0.6676010251953125 0.1638202859375001 0.231428798046875
0 0.6133649240234376 0.7132781671874999 0.20404100898437505 0.20831718593750004
0 0.07073967728515625 0.7934157447265625 0.1492918545703125 0.24975778632812506
0 0.175862721953125 0.9393804607421875 0.2377792065625 0.11342657851562499
0 0.3976403959570312 0.88116984921875 0.20611964480468747 0.21961316249999996
0 0.619534773046875 0.9060716423828126 0.22798936015624993 0.18004421523437497
0 0.8242715966796875 0.9357230306640625 0.23181193632812502 0.12074143867187503
0 0.908383684375 0.75011229921875 0.174970934375 0.22181951093750008
0 0.9719912626953124 0.9004038365234375 0.048204974609375006 0.18184980976562504
