1 0.45998625984374997 0.6085558765625 0.43506905296875 0.3805489007812499
0 0.11559329199023438 0.135948069328125 0.23642721250390625 0.22606045657812499
0 0.37996758738281244 0.0974911041484375 0.24294496898437495 0.180352487328125
0 0.6691181650390625 0.028805841328124998 0.17979319335937505 0.06542418265625
0 0.8636203494140625 0.05187121265625 0.17715085976562506 0.1115549253125
0 0.0240232173046875 0.3540440918164063 0.055858934609375 0.15773411089843753
0 0.3866482877148437 0.2501321166796875 0.2174024097265625 0.19452860765625
0 0.5437240169921875 0.3288604495117188 0.20688151757812495 0.2127254791015625
0 0.7656161921875 0.27586844701171875 0.22734639218750008 0.25727522550781246
0 0.6925864923828124 0.49461844701171875 0.20774908398437508 0.23073738722656256
0 0.06285451310546875 0.561619222265625 0.1335215262109375 0.23847942499999997
0 0.17187059611328126 0.5709004191406251 0.16583286355468752 0.26545324843749996
0 0.20541942644531247 0.8032474281249999 0.21548231398437498 0.21722625390625006
0 0.889398516796875 0.5741791148437501 0.18998819765624997 0.22205291718749998
0 0.7543620525390624 0.7476241015625 0.18991773554687497 0.19277145546874996
0 0.9350294179687499 0.8759666537109375 0.1221286640625 0.21119732929687496
0 0.0882517439453125 0.909841371875 0.184315987890625 0.16594296093750005
0 0.7733384125 0.923407553515625 0.19892809296875003 0.14537239296875004
0 0.53871679453125 0.970183466015625 0.126440071875 0.05182056796875001
