1 0.39019341884765624 0.38700940669921874 0.33168334277343753 0.3273322998828124
0 0.061081947578125004 0.0309637471875 0.12997639515625 0.069739994375
0 0.062480182499999995 0.21319229142578125 0.132772865 0.2149978861328125
0 0.12946554397460938 0.15927327015625 0.23285125423828124 0.206890325546875
0 0.31312535228515626 0.1516589451953125 0.2191111188671875 0.188957687421875
0 0.5251990556640624 0.10233758455078125 0.19747040585937498 0.1900982948046875
0 0.5852791185546875 0.18274159738281248 0.169871230078125 0.176274485625
0 0.65077376328125 0.03616694263671875 0.186923090625 0.0801463852734375
0 0.8429903291015626 0.08611365558203125 0.211311830859375 0.17668404735156248
0 0.9651872533203125 0.10047914317773436 0.06181299335937496 0.18481362739453125
0 0.8103046609375 0.17902251267578123 0.22102681093749998 0.1891558624609375
0 0.912935104296875 0.360942784609375 0.16631729140624996 0.19622850890625
0 0.8259803058593751 0.35046152763671873 0.22267826953125003 0.22940741269531248
0 0.8792959941406251 0.60504157265625 0.20061918671875 0.22860590468750003
0 0.6781901775390624 0.51231767890625 0.208717939453125 0.17617319609375004
0 0.65462936875 0.6261934541015625 0.20640149375000005 0.19275824414062503
0 0.01408804255859375 0.463031549609375 0.0359885851171875 0.14885586953125002
0 0.13879078001953127 0.548286446484375 0.2010595758203125 0.172865875
0 0.13096066447265625 0.4771239958984375 0.16906972238281248 0.11845141601562503
0 0.0669501303515625 0.735718186328125 0.141712760703125 0.20360942812500005
0 0.1833977769140625 0.7259767828125 0.212271878515625 0.18028642890625002
0 0.42165920935546874 0.657476483203125 0.22384970394531245 0.19502624687500003
0 0.46479530712890627 0.738688609765625 0.20847132167968746 0.1672817429687501
0 0.7710417839843751 0.7983569087890625 0.23027938281249993 0.154122921484375
0 0.9448258701171874 0.852608423828125 0.10253575976562501 0.16637454218750003
0 0.8817247392578125 0.9384710576171875 0.218459343359375 0.11524538476562496
0 0.620803093359375 0.966182532421875 0.21881165468750008 0.059822435156249965
0 0.249301983515625 0.8417660478515625 0.21659649804687497 0.2099642402343751
0 0.0625286252734375 0.914632803515625 0.132869750546875 0.15336545234375
0 0.20896015361328124 0.9759657730468749 0.1652867812890625 0.04025595390625003
