1 0.822038824609375 0.7156166326171876 0.34338888125 0.349109533203125
0 0.03194141064453125 0.10570656003125 0.0716953212890625 0.1841442361875
0 0.0803775894921875 0.21849017052734376 0.168567678984375 0.23097519730468752
0 0.2213086598046875 0.09383807778320313 0.18935844140625002 0.19204481396484374
0 0.484020486796875 0.04804423267578125 0.2138132396875 0.1039009653515625
0 0.454496811640625 0.12238849351953124 0.22531619937500003 0.2037239289765625
0 0.7164709873046875 0.08823633033203125 0.2093829269531251 0.1842851606640625
0 0.83694158671875 0.0745182144921875 0.21324513828125002 0.156848928984375
0 0.9111361154296875 0.21800574267578124 0.16991526914062505 0.20956348644531247
0 0.39450923058593756 0.27763881052734374 0.23980059195312503 0.2248625984765625
0 0.496402022265625 0.32774186162109376 0.23787168828125 0.19568242675781247
0 0.6380046857421875 0.27564384865234376 0.234005073046875 0.22211457160156248
0 0.91233837734375 0.446873678828125 0.1675107453125 0.19239272125000006
0 0.5461373484375001 0.5274450394531249 0.20677582421874996 0.17119680078125
0 0.6438794744140625 0.49540013730468746 0.190221603515625 0.18042294960937494
0 0.07077931228515626 0.5822558482421876 0.1493711245703125 0.20772266054687505
0 0.24582070884765625 0.5235277796875 0.19393848644531247 0.19720176875
0 0.34996168611328127 0.5325205220703124 0.1737994996484375 0.204670765234375
0 0.11897768108007811 0.699113056640625 0.19595987174609375 0.20679784375
0 0.24320039458984374 0.7288921576171875 0.14046645996093748 0.19271420507812498
0 0.17408134865234373 0.9132874154296875 0.2283769024609375 0.165612669140625
0 0.371166414140625 0.9145887648437501 0.19389004359375 0.16300997031249997
0 0.5991139375000001 0.9057743798828125 0.19860660937499997 0.18063874023437498
