1 0.39210180865234373 0.45398875064453126 0.2906851662890625 0.3492606838671875
0 0.4058716817578125 0.095776053828125 0.24494056304687506 0.19936460765625
0 0.6186665874999999 0.2645492998828125 0.20053146875000005 0.21503063007812498
0 0.929956425 0.1171236872734375 0.13227465000000005 0.23955294631250001
0 0.8354224402343751 0.24667262251953126 0.23447527734375007 0.2560895566015625
0 0.8711940271484375 0.47527257140625 0.22247848632812506 0.17820157515625
0 0.6311328580078125 0.51277165984375 0.21208157070312494 0.26311807171874996
0 0.8559359501953125 0.664322308984375 0.26235687695312493 0.21436515468749995
0 0.46135456164062505 0.813416168359375 0.2130752259375 0.3005761375
0 0.6525192349609374 0.8487365082031251 0.18842528476562503 0.29136887421875
0 0.8525812246093749 0.8702527896484376 0.22453416718749997 0.24098873242187502
0 0.3175389257617187 0.9620747337890625 0.2074050101953125 0.068038032421875
0 0.5411318552734374 0.01783793392578125 0.17615956835937496 0.0434883678515625
