1 0.49035327998046874 0.791841354296875 0.37390343144531246 0.31334554687500005
0 0.4934205890625 0.02128179607421875 0.17744151640625005 0.0503760921484375
0 0.19547324197265625 0.0181242073046875 0.1723726394921875 0.044060914609375
0 0.40386088998046876 0.0709202367578125 0.2433104919140625 0.149652973515625
0 0.7955912662109375 0.050616104140625 0.20655563007812494 0.10904470828125
0 0.9537305347656251 0.064801032265625 0.08472643046874995 0.13741456453125
0 0.9172663296875 0.157729706875 0.15193859218750005 0.20463993796875
0 0.6494944333984376 0.15126920095703125 0.21286640351562502 0.21565846957031248
0 0.1382336879980469 0.15550354074218747 0.20953706314453124 0.22783522406249998
0 0.27547650091796877 0.236143161640625 0.24064613878906252 0.22173143320312502
0 0.5438297103515625 0.32800169101562504 0.223026176953125 0.18253241250000002
0 0.7956925556640625 0.3268060350390625 0.20430083867187498 0.179392439296875
0 0.7740011978515624 0.4358287238671875 0.20811901054687498 0.184818031171875
0 0.1116055700390625 0.40333462511718754 0.231023640078125 0.21180947007812506
0 0.170333638671875 0.5282927880859375 0.18086774242187498 0.17304203085937497
0 0.3513158821875 0.43834334484375004 0.19785794812500002 0.19218133453125003
0 0.48518751757812495 0.49212804765625 0.18035248749999994 0.14904083281250002
0 0.8875863162109374 0.6364126796875 0.21701486757812505 0.1954490203125
0 0.7857133419921875 0.7013348187499999 0.218005742578125 0.17515589765625006
0 0.9331841882812499 0.83891232734375 0.1258191234375 0.17791273281249997
0 0.21770627818359378 0.7086959203125001 0.1466671364453125 0.18178375156249993
0 0.070068084140625 0.7373256060546876 0.14794866828125 0.21818630195312505
0 0.2014074830859375 0.906338077734375 0.19948738726562504 0.17914141796875005
0 0.030873467441406247 0.9280602628906249 0.0695594348828125 0.12952279453124993
