1 0.4991588571679687 0.5326306192773438 0.25236929269531244 0.3084087864453125
0 0.06608256412109376 0.04217384794921875 0.1399776282421875 0.0921601958984375
0 0.124652092734375 0.05731221814453125 0.152224845 0.1224369362890625
0 0.44440089492187507 0.15453688699218748 0.23111612187500002 0.230984005078125
0 0.651108458984375 0.10867257963085937 0.18956542421875 0.20608000987890626
0 0.473766030078125 0.018773780994140624 0.16710999140625 0.041616755902343754
0 0.8951764197265626 0.04136793615234375 0.19625052851562497 0.0905483723046875
0 0.878723488671875 0.1326209308203125 0.21321431093749998 0.17668845125
0 0.8136185880859375 0.19240593291015623 0.23138035507812493 0.1658416713671875
0 0.0232503346875 0.16589451802734376 0.054313169375 0.1471339487109375
0 0.01976025224609375 0.3419972520703125 0.0473330044921875 0.17074760445312498
0 0.15021446943359376 0.25933184187499997 0.2121838007421875 0.2207229425
0 0.30242830462890624 0.3823721111328125 0.2104706876171875 0.21726148554687497
0 0.4722334766015625 0.25041396560546875 0.20519482804687506 0.2082951662890625
0 0.79596119296875 0.358967640234375 0.2247172703125 0.21280034531250003
0 0.9569453742187499 0.4073575781445312 0.07829675156250004 0.2489386624609375
0 0.11245552072460938 0.49061971531250004 0.20552511980078125 0.23871723500000003
0 0.25234066728515625 0.5868931439453124 0.2336395504296875 0.189279171484375
0 0.0528488761328125 0.7537124789062499 0.113510252265625 0.21379122031249997
0 0.24892104707031248 0.7341393919921875 0.229178410390625 0.18744274960937501
0 0.12478641136132812 0.8833739958984375 0.20371952508984376 0.18957423164062492
0 0.04568374788671875 0.9710444263671876 0.09668739430468751 0.05009864726562496
0 0.6123234041015625 0.669756729296875 0.242288789453125 0.23130108515625003
0 0.821030333984375 0.6288710189453125 0.19517157578125 0.21407306914062496
0 0.9107155439453125 0.6764154099609375 0.166651987109375 0.23758103164062505
0 0.8640717480468749 0.8415084203125001 0.22329921796874996 0.1908205328125
0 0.9375924816406249 0.900408240625 0.11700253671875005 0.18543457578125
0 0.5561606011718749 0.83967640234375 0.21507275234375 0.20413789453124997
0 0.6348559046875 0.8889581279296874 0.19955784921874997 0.20241597382812493
0 0.3402797351171875 0.912919690625 0.224519095390625 0.15894077656249994
