1 0.5623062289257812 0.19910204693164063 0.3740223366796875 0.32809417277734376
0 0.057422315390625 0.21431748519531252 0.12265713078125 0.249449513828125
0 0.21405104990234375 0.20767862175781251 0.16561266910156247 0.2139849915625
0 0.328331982734375 0.183285477734375 0.1461034384375 0.22515325539062497
0 0.938757310546875 0.0684100197265625 0.11467287890625 0.144632539453125
0 0.8560566693359375 0.22603403324218752 0.20286517070312504 0.22637753664062502
0 0.9354918263671874 0.39390149380859374 0.12120384726562505 0.26462972097656245
0 0.27399679390625 0.4213795623632812 0.23442784656250001 0.21186672058593747
0 0.0743750880859375 0.66601122109375 0.156562676171875 0.22766787656249998
0 0.19796804537109375 0.6153797033203126 0.23803903605468746 0.21353139101562502
0 0.4577138527929687 0.5883398216796876 0.2148217303515625 0.20306774960937501
0 0.83641091796875 0.6184514162109376 0.21668457578125 0.22051155585937499
0 0.6717054501953125 0.758424640625 0.21964398945312502 0.23021772812499997
0 0.6836333849609375 0.9430819298828125 0.20730869492187498 0.10602364023437505
0 0.49919629023437506 0.8718754404296876 0.18607754375000002 0.18686143632812502
0 0.30065573919921873 0.9240042806640625 0.22419761144531253 0.14417893867187503
0 0.08771887330078125 0.907562358984375 0.1832502466015625 0.17706278203125003
0 0.4658544426953125 0.9656232384765625 0.17156232398437493 0.05376268320312505
