1 0.493005670234375 0.6295512142578126 0.39560695015625 0.43061278476562503
0 0.0529736726953125 0.1863376969140625 0.113759845390625 0.194765533828125
0 0.03951602611328125 0.3111371426953125 0.0868445522265625 0.18509334898437502
0 0.3476494128515625 0.09974611654296875 0.254626421953125 0.2073047330859375
0 0.4763938521289063 0.1424778478671875 0.2138364207421875 0.21840814614062504
0 0.423285716953125 0.27281988404296875 0.25030538953125 0.1776044705078125
0 0.197710035 0.29428602685546873 0.19178456828125 0.22158510800781248
0 0.20658684 0.41082172558593755 0.15802308195312498 0.17672476679687504
0 0.1467715322265625 0.5030014767578125 0.192427253515625 0.209601991015625
0 0.06507985705078125 0.7162020494140625 0.1379722141015625 0.23366394414062497
0 0.13345974328125 0.7371143888671875 0.1439523775 0.1978285441406249
0 0.06666833794921875 0.92015889375 0.1411491758984375 0.15186971250000003
0 0.3647535005273438 0.9424386486328125 0.23660844503906248 0.10731020273437497
0 0.49058534490234373 0.923946634375 0.23060549144531256 0.14429423124999996
0 0.728135027734375 0.928978723046875 0.2300357351562501 0.13423005390624998
0 0.9251408437499999 0.882270091796875 0.1419058125 0.22764731640625002
0 0.8398255177734375 0.72426752109375 0.19714483632812496 0.22821707265625002
0 0.916842911328125 0.500335016796875 0.15850167734374998 0.26674172265625
0 0.800102100390625 0.384679021953125 0.19410005859375 0.224698256875
0 0.9043766408203124 0.24257493435546876 0.183434218359375 0.22303456824218754
0 0.6956817021484375 0.058675794921874996 0.240291350390625 0.12516408984375
0 0.949202796875 0.060692732640625 0.09378190625000005 0.127985523625
0 0.78318945078125 0.14642512033203126 0.1985897390625 0.1890360633203125
