1 0.5212773921289062 0.583050750390625 0.41338870480468753 0.38400595390625
0 0.05833392052734375 0.07210268109375 0.1244803410546875 0.1520178621875
0 0.2530540973828125 0.0502571871484375 0.232045342421875 0.108326874296875
0 0.46542946738281255 0.0865254192578125 0.20613726054687503 0.180863338515625
0 0.75094903828125 0.04701372251953125 0.20126215468749997 0.1018399450390625
0 0.7613840542968751 0.10763105976171874 0.19407941093750003 0.1740769447734375
0 0.9594688029296875 0.0496252289921875 0.073249894140625 0.106085294515625
0 0.94406619921875 0.14601756271484376 0.10405510156249997 0.1801058694921875
0 0.27155703923828123 0.2195691234375 0.23819757621093748 0.21780756765625
0 0.519335276953125 0.24551463853515626 0.22725391093749997 0.1821845053515625
0 0.6606164564453125 0.25763194052734373 0.200319722265625 0.1992760005859375
0 0.7381843642578125 0.30918827505859375 0.18471674179687503 0.18833673894531247
0 0.95659526484375 0.2857705925585938 0.07899697031249997 0.20988497035156253
0 0.9157624013671875 0.4003994327734375 0.160662697265625 0.19672614851562503
0 0.9081304607421875 0.6065256833984375 0.175926578515625 0.21531496601562505
0 0.8015761521484375 0.72494186875 0.19150313554687504 0.1862316796875001
0 0.08488276845703124 0.44978244789062494 0.1775780369140625 0.19648393468749997
0 0.11143381834179687 0.4050125069921875 0.19153836667578125 0.16977874851562502
0 0.247758420234375 0.4309338007617187 0.1976906003125 0.18072681800781248
0 0.05510366755859375 0.7027550732421874 0.1180198351171875 0.23523816210937498
0 0.20756191869140625 0.6404158152343751 0.1924719912890625 0.22336087265625004
0 0.08314763599609375 0.913655140234375 0.1741077719921875 0.16487721953125
0 0.30073941314453123 0.9198205855468751 0.21091548074218752 0.15254632890624997
0 0.5155237105468751 0.87771279609375 0.21691798203125 0.18953459687499996
0 0.6414617388671875 0.9019914388671875 0.1919038894531251 0.17653431523437502
0 0.8197994468750001 0.9141373662109376 0.17486524062500008 0.1610502394531249
0 0.9662551966796875 0.8005412380859376 0.05967710664062498 0.19630337539062503
0 0.9577226607421875 0.95551411015625 0.07674217851562504 0.08115927968750003
