0 0.08388477564453126 0.05844549833984375 0.1755820512890625 0.1247034966796875
0 0.3185283840234375 0.0469775646875 0.19570988429687503 0.101767629375
0 0.43756282335937496 0.05671828984375 0.22963941109374997 0.1212490796875
0 0.20588624478515624 0.16887569427734375 0.2027405500390625 0.2041869759765625
0 0.3192462921289062 0.24261060357421876 0.2437061071484375 0.16348624230468747
0 0.097792536015625 0.36808764931640625 0.14621943234374998 0.1769437193359375
0 0.0584878921484375 0.4700937270703125 0.124788284296875 0.18615192164062505
0 0.7222717404296874 0.10684181750390624 0.195720433984375 0.1905229389765625
0 0.7983934283203125 0.08703719080078125 0.17356872539062496 0.1818868816015625
0 0.9621631501953125 0.0769971162109375 0.060606002734375 0.161806732421875
0 0.9432769119140625 0.11948063969921875 0.10563367617187502 0.21403098107031251
0 0.843928754296875 0.314522936875 0.18564319609375002 0.21027985203125
0 0.8848916888671875 0.42131859064453125 0.17194747929687493 0.21638339761718745
0 0.8029419779296876 0.6448174119140625 0.22324991210937506 0.2533541324218751
0 0.953585386328125 0.6639068126953125 0.08401334296875007 0.235509812890625
0 0.16162511705078125 0.7188331484375 0.1998265385546875 0.18106561874999993
0 0.06599014998046875 0.8769602478515626 0.1397927999609375 0.19967818242187507
0 0.2536944449023438 0.8213610947265625 0.2145501971484375 0.178474783984375
0 0.24723860621093752 0.9196080865234375 0.20080143210937498 0.1452074050781249
0 0.657607316796875 0.97406999765625 0.1746019125 0.04404750468749996
0 0.937170773828125 0.923525258984375 0.11784595234374995 0.14513698203125003
0 0.852737009375 0.9534256308593749 0.14168429375000002 0.08533623828125003
0 0.4347680509179688 0.9771985859375 0.16485852003906248 0.03779032812500005
1 0.4347680509179688 0.9771985859375 0.16485852003906248 0.03779032812500005
1 0.4915858209960937 0.5806086361328124 0.3968238236328125 0.327009558984375
