1 0.5525670272070312 0.5168536850976563 0.46086263386718745 0.4843045376171875
0 0.05002598294921875 0.04371520927734375 0.1078644658984375 0.0952429185546875
0 0.13154858371289063 0.11085250493164063 0.20088782413671874 0.20983212373046875
0 0.2793761449414063 0.09831683343554687 0.21522248433593752 0.19301366969140626
0 0.4803234216015625 0.17824082230468752 0.226395152109375 0.216631729140625
0 0.61986506484375 0.0385978896484375 0.24203776796874998 0.085008279296875
0 0.6222695884765626 0.17335030298828125 0.23433096132812492 0.19111999714843753
0 0.8646376480468749 0.06899353509765625 0.23353826093749996 0.1457995701953125
0 0.0179150225390625 0.31060852935546873 0.043642545078125 0.16116914441406247
0 0.11753540727539064 0.31543299044921874 0.18395046505859375 0.18146667144531248
0 0.8328834025390626 0.40254632896484377 0.18806810195312507 0.2103826100390625
0 0.90191216875 0.3518993974804687 0.18374788593750002 0.20629139644531252
0 0.0726025225390625 0.590755355078125 0.153017545078125 0.17921187968750008
0 0.10530580608398438 0.6423403150390625 0.19018637259765625 0.16828583007812503
0 0.24382794884765624 0.5644949619140625 0.1825192009765625 0.21392333710937506
0 0.0244327790234375 0.7862924533203125 0.056678058046875 0.17649908398437497
0 0.10877827296484376 0.8285631869140625 0.2133992742265625 0.19773023554687508
0 0.09877043404296874 0.9350932744140625 0.2053533680859375 0.11795818085937493
0 0.28095493939453126 0.7577640572265625 0.1672597237890625 0.17780263554687503
0 0.4705181615820313 0.8418695392578125 0.2326354635546875 0.15476148554687508
0 0.8769311054687501 0.6117927353515624 0.20727786796875003 0.194123449609375
0 0.7286433376953125 0.8045862105468751 0.22462919257812497 0.21562323828125007
0 0.868966671484375 0.8281668369140625 0.20868270859374993 0.19371388789062494
0 0.9750805912109375 0.6891646703125001 0.04019429960937493 0.15663754218750003
0 0.8937649732421875 0.9677481150390626 0.20465755351562498 0.05669126992187501
