1 0.5012952899609375 0.5238558034570312 0.36607552554687495 0.3737233040234375
0 0.12513015931640625 0.05550410128125 0.2104212749609375 0.117382647046875
0 0.08144957759765625 0.1479217673828125 0.1707116551953125 0.21919430390625
0 0.02716109099609375 0.353424282265625 0.0621346819921875 0.18674958781249995
0 0.11389194298242188 0.26902324525390625 0.19357562434765627 0.2304791763671875
0 0.32474745003906247 0.18298574896484376 0.20931943820312499 0.2256935106640625
0 0.32793170453125 0.084479753828125 0.1929499878125 0.1657999140625
0 0.4775769336328125 0.03830827328125 0.22119728898437496 0.0844290465625
0 0.7251819603515625 0.04659569982421875 0.22603429882812498 0.1010038996484375
0 0.60348747109375 0.13488831906249998 0.1963349703124999 0.18321050749999998
0 0.5383459935546875 0.227175241484375 0.19795980820312503 0.17660856000000003
0 0.934153177734375 0.038705146242187495 0.12388114453124999 0.083952820015625
0 0.8766107609375 0.23813567431640625 0.15853960624999996 0.2101365055078125
0 0.7968778888671875 0.2078817370703125 0.16435254804687494 0.1995799184375
0 0.792982406640625 0.40508180974609376 0.12584283124999995 0.1683351711328125
0 0.875739985546875 0.43746348140625 0.16998333046875003 0.18287897703125
0 0.160420613125 0.51529058046875 0.19913638929687502 0.24859015078124996
0 0.0210377468359375 0.7395133908203124 0.049887993671875 0.16333470039062503
0 0.08963664017578125 0.8898356267578125 0.1870857803515625 0.18129164257812502
0 0.1730945212890625 0.912769665625 0.20262406 0.15712497734375008
0 0.30839667265625 0.8612498482421875 0.22024478359374997 0.21932967617187504
0 0.4830490348828125 0.8668316236328124 0.20664875601562493 0.184289088671875
0 0.9610794775390625 0.19793112880859376 0.06237288710937505 0.14956121394531252
0 0.610448945703125 0.8851783607421875 0.20383336484375003 0.202792195703125
0 0.7177232751953124 0.83527865390625 0.209268015234375 0.2312496007812499
0 0.7658276451171875 0.695351907421875 0.19063884570312495 0.21511830312500002
0 0.8680548609375001 0.6403303687499999 0.15729295546875 0.19358029921874997
0 0.919943515625 0.6279342179687499 0.15223649218750002 0.19690461406250004
0 0.9348255097656251 0.8412176056640626 0.12253648046874999 0.19103100429687492
0 0.8407763482421875 0.971483969140625 0.1937997527343751 0.04921956171874997
0 0.26255617124999997 0.734298515625 0.18652438296875 0.20618577890625
