1 0.6953235095703125 0.5356648992773437 0.26019500429687503 0.40012418972656255
0 0.07296143955078126 0.06621468080078124 0.1537353791015625 0.1402418616015625
0 0.02524089275390625 0.20764339064453124 0.0582942855078125 0.2449883737109375
0 0.2797372639648438 0.04875986470703125 0.21397177988281252 0.1053322294140625
0 0.36153510771484376 0.03932453142578125 0.21803216582031248 0.0864615628515625
0 0.8182360660156249 0.0352707511328125 0.21919479296875 0.078354002265625
0 0.6818057708984375 0.085096357109375 0.25023780976562504 0.17800521421875
0 0.9622278396484375 0.1104869821015625 0.067731820703125 0.170020962515625
0 0.16815811724609375 0.240216759453125 0.2213130637109375 0.22152885429687502
0 0.3952116508398437 0.21125898392578124 0.20536657957031246 0.2492865698828125
0 0.5459193560546874 0.31143646076171877 0.18907659257812498 0.1975276566015625
0 0.6138515537109375 0.24236585751953124 0.20869591992187497 0.20669655441406248
0 0.9019694193359376 0.3072021209179687 0.188248661328125 0.23079023394531248
0 0.02123115134765625 0.5683351535156249 0.0502748026953125 0.19978685156249998
0 0.22453450888671878 0.4394619328125 0.18769817503906253 0.18339997890624998
0 0.1569986612109375 0.5317124083984375 0.20160125421875003 0.21520927304687504
0 0.40759538830078124 0.480548020078125 0.1924719913671875 0.19605235359375
0 0.26583418474609377 0.6908205328125 0.2047940741015625 0.23129227734375002
0 0.3690195180078125 0.7455102345703124 0.203124999921875 0.239153219921875
0 0.04356767896484375 0.9342741509765625 0.0949478579296875 0.12363919804687495
0 0.07446096392578125 0.8274534068359375 0.1567344278515625 0.21120613710937497
0 0.3010785125390625 0.9662243693359376 0.203358406171875 0.059738761328124945
0 0.33393593216796874 0.9351857560546875 0.19226941222656246 0.12181598789062498
0 0.59685033828125 0.8156553867187499 0.22465121171875002 0.23748855000000002
0 0.920630901171875 0.7606552105468749 0.15092569765624997 0.203719525
0 0.9599598365234375 0.93740531640625 0.07226782695312495 0.11737686718749996
0 0.77733053828125 0.9522596357421875 0.19278466718749998 0.08766822851562495
