0 0.18608700408203127 0.1012411573828125 0.2459159859765625 0.210294814765625
0 0.5082227248046876 0.029383477968750002 0.20111945742187498 0.0665794559375
0 0.8271564140625 0.05857323876953125 0.2293292375 0.1249589775390625
0 0.30734940197265626 0.15193808341796877 0.2270091890234375 0.20945157527343752
0 0.1253372958046875 0.29523638052734374 0.21335326721874998 0.20518068113281251
0 0.0819469260546875 0.4224424773632812 0.171706352109375 0.2393842983984375
0 0.19510738767578126 0.5199688230468751 0.21496681738281248 0.23327195156250002
0 0.32520556818359375 0.360922458515625 0.21127023785156251 0.18547166734374998
0 0.555754083984375 0.3433169850976563 0.22299810390625002 0.2188867415234375
0 0.7527097615234375 0.20186469880859376 0.251189651171875 0.23162649503906252
0 0.9222875037109375 0.2686150816796875 0.14761249257812503 0.207263710625
0 0.802481403125 0.4420694465234375 0.19195777421875004 0.20002096710937506
0 0.47129339275390625 0.48834734169921873 0.23256089574218747 0.22518141035156247
0 0.38991394398437496 0.6162189140625 0.23948001749999998 0.22732369453125
0 0.02412576576171875 0.7071018998046875 0.0560640315234375 0.17982879960937503
0 0.18087487236328126 0.7408405958984374 0.20483426925781248 0.205335655078125
0 0.08488459013671874 0.8930065818359375 0.1775816802734375 0.19587314023437497
0 0.6595910515625 0.59337851875 0.19811114375000005 0.20801578906249996
0 0.9745455623046875 0.04617533912109375 0.04309637539062505 0.1001631782421875
0 0.8482579126953125 0.6601767613281251 0.21533146132812497 0.2127288140625
0 0.9202044742187501 0.6172308013671874 0.14454948203124995 0.23822655351562505
0 0.4492438192773438 0.8156587296875 0.20725003644531254 0.20915074374999998
0 0.4019585946679688 0.9047184947265625 0.21203599035156256 0.17116394414062497
0 0.5810307578125 0.9575098453124999 0.20205385781250002 0.07214483671874994
0 0.676009152734375 0.8145830294921875 0.2363440781249999 0.22076465898437503
0 0.80142393515625 0.8841502880859375 0.2247575117187499 0.22053219804687496
0 0.9088344150390626 0.9273127552734375 0.16846557773437498 0.13756198945312503
