1 0.36229698074218747 0.6632631941406251 0.40683571742187497 0.40126039296875005
0 0.13898895505078127 0.06582713853515625 0.2230966389609375 0.1394667770703125
0 0.3488122709765625 0.10381949337890625 0.22730675726562496 0.2154514867578125
0 0.5261701134765625 0.04929713923828125 0.254029558984375 0.1064067784765625
0 0.6911728439453125 0.1072347096875 0.216028396484375 0.222281919375
0 0.05540313205078125 0.2724422209765625 0.1186187641015625 0.21975408679687503
0 0.14072849140820312 0.41416158761718747 0.21322311866796875 0.21248326539062495
0 0.3741566551757812 0.32839804113281246 0.26321607246093753 0.203583004453125
0 0.647125141015625 0.214271244375 0.21997428125000007 0.190195180390625
0 0.8730028361328125 0.2696611647851562 0.20464434179687507 0.24176032277343748
0 0.9464531074218749 0.25033029171875 0.09928128515625001 0.211818277890625
0 0.62182699765625 0.4070316904492187 0.264149696875 0.1868173972265625
0 0.74874489140625 0.5447985660156249 0.18838077812499998 0.20764779453124993
0 0.841001973046875 0.5237083392578125 0.16961140078125003 0.21775912460937502
0 0.9671690037109375 0.4777009054492187 0.057849492578124995 0.18934522972656248
0 0.9686244890625 0.5949522619140625 0.054938521875000035 0.13682884726562494
0 0.05595582017578125 0.6116033681640625 0.1197241403515625 0.18643425898437493
0 0.06048962443359375 0.7166251232421875 0.1287917488671875 0.16771332460937494
0 0.13788578071679689 0.8886454515625 0.26141488161328125 0.20349933046875002
0 0.3808791924609375 0.9250634158203125 0.198527339296875 0.127571871484375
0 0.5022834166015625 0.8877162310546876 0.20546346523437498 0.12959325664062493
0 0.703113990234375 0.7442551261718751 0.22654928828124998 0.1679863656249999
0 0.6605900332031249 0.8748216423828126 0.20087461249999994 0.18657958710937506
0 0.8757310457031251 0.8734960716796875 0.23002395703125 0.22566851054687498
