1 0.7311403431640625 0.2879857490234375 0.38098488554687493 0.406553868359375
0 0.0331326627734375 0.07263995560546875 0.074077825546875 0.1530924112109375
0 0.17981961667968752 0.05411939826171875 0.223453353984375 0.1160512965234375
0 0.31564217517578125 0.05117099421875 0.11766752394531255 0.1101544884375
0 0.4781655156835938 0.1147235238203125 0.2016717162890625 0.225369045953125
0 0.9319885322265625 0.042874066375 0.12821043554687495 0.085202050453125
0 0.9629346638671875 0.14265519306640626 0.06631817226562498 0.1722537344921875
0 0.01688671435546875 0.2433082898828125 0.0415859287109375 0.17219648390624998
0 0.02498106328125 0.355034966875 0.0577746265625 0.18301243656250005
0 0.15558941658203126 0.22947567291015625 0.2158434329296875 0.23100602449218752
0 0.16777497884765624 0.4255610554882812 0.21801895433593751 0.22059082574218747
0 0.2580481080859375 0.41609489499999996 0.19256006906249998 0.1912389021875
0 0.46863990267578126 0.51091283828125 0.21538542824218748 0.21793968437499994
0 0.4024912802734375 0.5789331136718749 0.24330168398437496 0.20644993671874995
0 0.175779048046875 0.6628734498046875 0.23980499578125 0.20978368085937504
0 0.670102434375 0.597055119140625 0.21550433359374999 0.2222863234375
0 0.7637929820312499 0.6090359003906249 0.20511555781250002 0.22246688281249993
0 0.934518566796875 0.637108494140625 0.12315036640624999 0.24153132031250002
0 0.910237721875 0.933285477734375 0.17171205624999997 0.12561654453125004
0 0.7262322083984375 0.9583986576171875 0.18286710820312502 0.07539018476562498
0 0.7122366474609375 0.8970700921875 0.22299534960937506 0.1650797984375001
0 0.46510357947265624 0.823415040234375 0.23980939964843756 0.24155774374999994
0 0.3283694158789062 0.7856230623046875 0.2145795166796875 0.20021843320312493
0 0.35862193494140626 0.945940054296875 0.2108406144921875 0.10030739140625
0 0.0552335823046875 0.9555361294921876 0.118279664609375 0.08111524101562495
0 0.15325535513867186 0.8921971884765625 0.24590438276953125 0.20779312304687503
