1 0.583847854296875 0.516014744140625 0.2461025578125 0.24604971093749994
0 0.11920888529101563 0.041506658671875 0.23529100902734376 0.09082581734375
0 0.3114496724023438 0.100875493234375 0.22398622472656252 0.20696519165625
0 0.6184866474609375 0.03576839064453125 0.21242601445312492 0.0793492812890625
0 0.8988778890625 0.03838870490234375 0.18995737031249993 0.0845899098046875
0 0.200716072421875 0.18720714134765626 0.2404611753125 0.2076830256640625
0 0.482454904296875 0.20366667841796873 0.18382715625 0.1959202367578125
0 0.6658130460937499 0.242762207578125 0.17540251562499998 0.20821149242187498
0 0.747731996875 0.21064684330078126 0.22798936015625004 0.2269060033984375
0 0.963599651171875 0.20288278607421875 0.06498819765624997 0.16997251972656252
0 0.968320620703125 0.32571827435546874 0.05554625859374995 0.17112193488281247
0 0.20430083849609376 0.3072990065625 0.2289406003515625 0.22326839078125
0 0.0597872040625 0.4101430382617188 0.127386908125 0.2242548617578125
0 0.38096727027343746 0.4738342904296875 0.15272688835937503 0.26634283398437497
0 0.7942326662109376 0.41996591390625 0.21598435742187505 0.17302441515625
0 0.827812323828125 0.5342952896484374 0.21904946484374999 0.20405422070312496
0 0.8071955150390625 0.6516831666015626 0.217433237109375 0.19924957695312495
0 0.9666823740234376 0.591382909375 0.05150348789062498 0.18480922343749995
0 0.9568881236328125 0.6960897865234374 0.07841125273437499 0.17699672382812504
0 0.0770680665234375 0.6330150789062501 0.161948633046875 0.24902233671874996
0 0.26161085470703127 0.5661508244140625 0.19798566089843753 0.235925169140625
0 0.27445920236328125 0.6630011625000001 0.2186354988671875 0.17826944765624997
0 0.4537107173632813 0.700579551953125 0.21351817933593753 0.18734146015625008
0 0.04197787486328125 0.8659896419921875 0.0917682497265625 0.21471603710937504
0 0.19248300097656248 0.85020830390625 0.196814226328125 0.19535213515624994
0 0.36351905998046874 0.87992795234375 0.22807743785156248 0.17902691640625001
0 0.530113796484375 0.84148640078125 0.23527339374999995 0.21654805546875
0 0.6713201099609375 0.8309126619140625 0.20220899101562506 0.22851782695312506
0 0.9409482455078124 0.8862585435546875 0.11029100898437505 0.15759318632812502
0 0.881969155078125 0.9100197294921875 0.19493816953124998 0.17214804101562498
0 0.41024212574218755 0.9458497744140625 0.19401335242187506 0.08791925039062498
0 0.22220044744140624 0.9719185984375001 0.1717208638671875 0.04105746171874991
0 0.7621062923828126 0.972856626953125 0.15002290039062494 0.04445726484375001
