1 0.279136133046875 0.6512669990234375 0.34264902765625 0.4320611964843751
0 0.07473620701171875 0.0996203847265625 0.1572849140234375 0.207053269453125
0 0.18738329693359376 0.04080644025390625 0.18341759441406252 0.0894253805078125
0 0.3845057955078125 0.02319748802734375 0.18656197148437503 0.0542074760546875
0 0.839365928125 0.027755513671875003 0.22078900078125008 0.06332352734375
0 0.31024741050781246 0.13586219349609374 0.21768866257812497 0.1726104495703125
0 0.506903096875 0.1545721180859375 0.18765413593749997 0.216098858515625
0 0.7318361578125 0.12629474351757813 0.23272354140625007 0.19880918827734376
0 0.0871595793359375 0.32261133027343747 0.182131658671875 0.205881834765625
0 0.3110092834375 0.32831436716796875 0.24890343156249997 0.19362140628906252
0 0.559892897265625 0.2801534315234375 0.21832722656249998 0.18404735062500002
0 0.8351844349609375 0.26039317925781247 0.212928058203125 0.20303692218749997
0 0.971753452734375 0.30529743875 0.048680594531249954 0.16577561312499997
0 0.7246798373046875 0.4370728227734375 0.244103191796875 0.201152057578125
0 0.03755857173828125 0.515532518359375 0.0829296434765625 0.18695391796875
0 0.0477888070703125 0.733238796484375 0.103390114140625 0.1940529875
0 0.125347907265625 0.91929652265625 0.18949055804687498 0.1535944546875
0 0.35038005564453123 0.9298460400390625 0.21121494496093748 0.12916607929687507
0 0.9380967269531251 0.46001048126953126 0.11599404609374997 0.17066393042968753
0 0.8431973119140626 0.6180638740234375 0.23735643320312494 0.229284103515625
0 0.75478482578125 0.7032857419921875 0.22410072578125007 0.21444739960937498
0 0.58243200390625 0.8495653361328125 0.19697717031249995 0.20698721132812503
0 0.763061936328125 0.8947096076171874 0.25446554374999997 0.18098664726562508
0 0.9716719806640626 0.674662662109375 0.048843538671874964 0.25147089921875
0 0.9481596146484375 0.9412631236328125 0.09586827070312498 0.10966125273437499
0 0.5747141875 0.9715596814453125 0.13482507734375004 0.04185456601562498
