1 0.48914221046875 0.48189561021484373 0.23313750718750004 0.22989184050781247
0 0.25743596744140623 0.0434289564453125 0.21791766488281247 0.094670412890625
0 0.9053714240234375 0.05364157623046875 0.18144465195312498 0.1150956524609375
0 0.9346176542968749 0.14715596814453125 0.12295219140625002 0.1814402480078125
0 0.7441318171875 0.11239827015039063 0.1984172421875 0.22316710118359376
0 0.54519711796875 0.09338447716796874 0.1940970265625 0.1945814543359375
0 0.44572646560546875 0.15202887189453124 0.20845370628906246 0.2331463148046875
0 0.3231552106640625 0.20884785443359377 0.21819070601562499 0.23566533964843753
0 0.10061125985742186 0.25819123451171877 0.19208885286328126 0.1734251691015625
0 0.1013555171953125 0.3806545940820313 0.20339804115625 0.25817361886718754
0 0.3513445074609375 0.3249762190820312 0.230891523359375 0.18380954074218753
0 0.66573157421875 0.3225408680273437 0.18808131328125 0.18215367800781251
0 0.8810597521484375 0.35526396908203123 0.19377994648437502 0.23061848214843747
0 0.26222739923828126 0.5192648146484375 0.19754527199218752 0.21081859492187494
0 0.1976267439453125 0.7449289212890624 0.22589751265625 0.216041608203125
0 0.082793122890625 0.9038586880859375 0.17339874578125 0.17752078632812496
0 0.7258578777343749 0.57356697421875 0.21342129375000007 0.20782835390625004
0 0.9252175521484375 0.5951592447265626 0.14175239570312503 0.23102804414062506
0 0.67566014296875 0.7962122146484375 0.23106767890625002 0.2000995277343749
0 0.8055638740234374 0.79161455390625 0.18000458007812503 0.20511996171875002
0 0.4893866263671875 0.913981028125 0.203424464453125 0.16422544375000003
0 0.701768601953125 0.9585241685546875 0.19119926718750002 0.07513916289062506
0 0.8412111576171875 0.9489875457031249 0.17119239726562496 0.09421240859375002
