1 0.3926089522265625 0.7306338958984375 0.24767915023437503 0.31239871054687496
0 0.18137639162109373 0.16529118517578126 0.2348550239453125 0.1904065670703125
0 0.2224294496875 0.06338297984765624 0.235709378515625 0.1300600690546875
0 0.46030774384765627 0.09949707581054687 0.22129544824218744 0.20317784666015626
0 0.73726835546875 0.14721321872265625 0.23803903593749998 0.24065494646093752
0 0.9293902375 0.3318881235742187 0.133407025 0.21346973644531247
0 0.3678018426367188 0.328309963359375 0.21305577097656253 0.21549992953125
0 0.14510375562890626 0.35078080966796876 0.22294250280468753 0.1891162275390625
0 0.09722687077539062 0.47977293546875 0.19689349633984374 0.21234674468750003
0 0.10936839417187501 0.6490254193359375 0.19590702509375 0.215574795703125
0 0.27654664599609374 0.6095269341796875 0.18562394308593752 0.24892104726562497
0 0.71854742109375 0.501873855078125 0.19636943359375003 0.19940371328125
0 0.9047813029296875 0.5507019798828126 0.182624894140625 0.22357666289062494
0 0.6478407728515625 0.6363223998046874 0.22541308476562505 0.247199126171875
0 0.8293933201171875 0.7674548160156249 0.226712232421875 0.22939420078125006
0 0.7640373978515624 0.9306167207031251 0.21408628085937498 0.13095405859374998
0 0.527460453125 0.9437469171874999 0.24545958984375 0.10469366562500004
0 0.5450231644531249 0.882431563671875 0.20178181406249995 0.15320691249999996
0 0.19457705044921875 0.8479777337890626 0.19060033824218747 0.249709343359375
0 0.065697223796875 0.869983969921875 0.130478438578125 0.20478967031250006
