1 0.7471727029296875 0.477795589140625 0.337135358203125 0.404488444375
1 0.33805577087890626 0.7427688134765624 0.3364483512109375 0.37409279882812496
0 0.0513031108984375 0.06313195814453125 0.110418721796875 0.1340764162890625
0 0.39788040800781255 0.03128523111328125 0.20385164179687504 0.0703829622265625
0 0.1471141312109375 0.170106838359375 0.21741562148437502 0.224435421328125
0 0.05515651423828125 0.346649961328125 0.1181255284765625 0.242438521875
0 0.66499392265625 0.10362572224023438 0.23583268750000008 0.20882803692578125
0 0.5183972484375 0.12701477945898437 0.2316489921875 0.22852223084765627
0 0.37104971103515627 0.22423504439453124 0.1819599068359375 0.21312623308593748
0 0.25305409736328127 0.28732956947265625 0.2064058976953125 0.18861418402343746
0 0.214718239140625 0.384825077421875 0.1707608159375 0.16179890062500002
0 0.16759882328125 0.488353914140625 0.21026810882812502 0.21464997875000003
0 0.5402735697265625 0.307847290625 0.176701662890625 0.1831357453125
0 0.34977011689453125 0.45824892552734375 0.13528748574218752 0.17835312160156253
0 0.480979601171875 0.41989545173828124 0.16773534375 0.14364166449218752
0 0.48311989140625 0.5636978580078125 0.17205115546875005 0.21411710820312496
0 0.9591583287109375 0.7762273638671875 0.07387084257812504 0.13473699960937502
0 0.8069488972656249 0.7818929677734374 0.1906047421875 0.17731820742187498
0 0.8705344560546875 0.95798028828125 0.17623485039062503 0.07622692343750004
0 0.9047372638671876 0.9361061689453125 0.182712972265625 0.11401229570312499
0 0.620866949609375 0.8717455257812501 0.1601474421875001 0.14205186015625004
0 0.52654664609375 0.903882909375 0.19423795078125 0.15407888281250004
0 0.04719868587890625 0.6128452650390626 0.1022098717578125 0.17382151914062505
0 0.051479266484375 0.74368702421875 0.11077103296875 0.21113567499999997
0 0.0798006799609375 0.79832828359375 0.167413859921875 0.20173337109375
0 0.036761467734375 0.95126655859375 0.08133543546875 0.08965438281250004
