1 0.34539044890625 0.36148226121093746 0.37836016781250004 0.345375035390625
1 0.22225109207031252 0.6985471568359375 0.338297984609375 0.34755936445312496
0 0.05537010287109375 0.0422090790625 0.1185527057421875 0.092230658125
0 0.1725620067578125 0.074258385 0.265034878828125 0.15632927
0 0.47714381347656254 0.082462831171875 0.16369257304687507 0.17273816234375
0 0.5386683517578125 0.13070303691210938 0.16850602460937497 0.19417629648828125
0 0.7181796962890625 0.042473312421875 0.22499911914062498 0.09275912484375
0 0.899884177734375 0.084352099765625 0.19241914453124997 0.17651669953125
0 0.7505064474609375 0.08782676860546874 0.22356785507812504 0.1517756482578125
0 0.96435271640625 0.2656756447265625 0.06348206718750005 0.17142139937500003
0 0.7084140712890625 0.2668514832226562 0.203415656640625 0.19999383457031247
0 0.6313812359375 0.45931246470703124 0.18525401640625005 0.1705450252734375
0 0.846469401953125 0.43306308140625 0.2325297703125 0.26163948015624994
0 0.9092776740234374 0.4469441411523437 0.156034209765625 0.21476448019531252
0 0.9689878099609375 0.660468926171875 0.05421188007812505 0.18707722656250003
0 0.8606301083984375 0.6083841248046875 0.188592164453125 0.205846603515625
0 0.6207062078125001 0.5839777691406249 0.22076698125000005 0.18076204921874994
0 0.4889286217578125 0.6163948 0.228975831484375 0.2010639796875
0 0.06590861048828126 0.43450315320312505 0.1396297209765625 0.23792013109375004
0 0.03597096955078125 0.9521341248046875 0.0797544391015625 0.08791925039062498
0 0.09399001197265625 0.9253849000000001 0.1957925239453125 0.13113021406250003
0 0.30357111396484376 0.961871124609375 0.2240214556640625 0.06844525078124997
0 0.504304801953125 0.912728121484375 0.2148877890625 0.16673125703125002
0 0.6883719701171875 0.784856785546875 0.210646843359375 0.19638704921875005
0 0.7448232279296875 0.837932462109375 0.25188046054687496 0.2343838078125
0 0.8627021384765625 0.8808681828125 0.208123414453125 0.20477645859374993
