1 0.40697884375 0.517058466015625 0.23727716328124993 0.24344260859375
0 0.0725210505859375 0.18314675521484375 0.152854601171875 0.18477399238281253
0 0.06592622603515624 0.30821721740234376 0.1396649520703125 0.21534579332031248
0 0.13810817715039062 0.10043070038867187 0.22465561585546873 0.20013916289453124
0 0.44001902480468746 0.033716178125 0.20569687148437493 0.07524485625
0 0.7518099986328125 0.03762022619140625 0.23012084257812493 0.0830529523828125
0 0.3070722062109375 0.20143831031249998 0.181118764140625 0.189420095859375
0 0.4943343962890625 0.24516012541015625 0.187786252734375 0.2027462655078125
0 0.571651282421875 0.21427124435546877 0.21490980859375003 0.22472167417968753
0 0.854724492578125 0.2032791361328125 0.18872428125000007 0.21991262679687498
0 0.8812975619140625 0.31405237107421874 0.229592376171875 0.19900736332031252
0 0.954675169140625 0.43812315041015626 0.08283716171875 0.1735528819921875
0 0.615322452734375 0.4229495490429687 0.21343450546874998 0.17054502535156246
0 0.6555035408203125 0.5422266947265625 0.232820426953125 0.21169056523437502
0 0.6291594736328125 0.643498537890625 0.22298213789062504 0.20662609218749994
0 0.210772354140625 0.46673962441406247 0.14496283117187503 0.26407042695312505
0 0.08926904242578125 0.5626211068359375 0.1831885921796875 0.22296452226562502
0 0.10853605904882813 0.64920597890625 0.21549552565234376 0.21895698281249998
0 0.28303577720703127 0.7066635251953125 0.20758614011718748 0.1948060527343749
0 0.06015713078125 0.8472907271484376 0.1281267615625 0.182629298046875
0 0.05835153607421875 0.9790859287109375 0.1245155721484375 0.03401564257812495
0 0.22413375494140625 0.9501105376953125 0.1973338852734375 0.09196642460937499
0 0.18443489289062498 0.888502325390625 0.211818277890625 0.15170518593750004
0 0.3614250106640625 0.841272812109375 0.22543950835937498 0.21512559921874996
0 0.50577349921875 0.834693401171875 0.18302564843749997 0.22244486328125002
0 0.8806303728515625 0.597046311328125 0.21807620507812497 0.1995886765625
0 0.841970828515625 0.6949734005859376 0.2039177000000001 0.201213712109375
0 0.9570466636718751 0.8128324935546876 0.07809417265624996 0.21967041289062494
0 0.9150335576171875 0.9464112705078125 0.15826257773437502 0.09936495898437503
0 0.8125154136718751 0.8751541361328126 0.18467710703124995 0.1443947292968749
0 0.7155285546875 0.90921601953125 0.20889849921874992 0.17375546093750005
0 0.590764162890625 0.9784297492187499 0.15188134140624998 0.035328001562500044
