1 0.5631671892578125 0.20792523962109377 0.373877008203125 0.4057479566953125
0 0.07834519447265625 0.22091451169921875 0.1645028889453125 0.21351377535156252
0 0.212315917421875 0.14275648253320314 0.19138423054687503 0.22126021704296878
0 0.22173363515625 0.011976377537109374 0.1951847871875 0.03176525507421875
0 0.31170289607421875 0.22559584624999998 0.1696378242578125 0.265153783828125
0 0.95418193359375 0.0501338782421875 0.08364747734375 0.108080256484375
0 0.8518663685546874 0.12843062993945312 0.21474246054687496 0.22112810035546876
0 0.8677269765625 0.3454344876953125 0.18115399531249998 0.200125951171875
0 0.8967442044921875 0.409068489296875 0.17892562695312497 0.18371265499999995
0 0.588639286328125 0.4737638282617187 0.23584149531249993 0.1960303341015625
0 0.1790203107421875 0.46532817787109376 0.18024679398437501 0.22191199269531248
0 0.27447021208984373 0.44012912203125 0.1782738514453125 0.1921064684375
0 0.05015149380859375 0.5138502326171875 0.1081154876171875 0.21882046210937506
0 0.08772988302734375 0.8847193841796874 0.1832722660546875 0.22157729726562503
0 0.1373881411972656 0.7634384689453124 0.21131623448046874 0.20184346835937494
0 0.32824830880859374 0.6376281533203125 0.25623590738281254 0.20942696601562505
0 0.488937429453125 0.7198047316406251 0.23419884421874998 0.18733705624999997
0 0.33137286849609376 0.846152321875 0.18263370207031251 0.189336421875
0 0.44632539455078124 0.861132151953125 0.18934082574218752 0.19223858515625003
0 0.5778981998046875 0.90694801640625 0.20075130351562498 0.17429273515625
0 0.7746617812500001 0.5570986294921875 0.21341248593750006 0.20451222539062502
0 0.9217759125 0.60291669609375 0.14064701953125003 0.18974157968749994
0 0.8039344349609375 0.6735176507812499 0.210875845703125 0.23662979140624996
0 0.9381341601562501 0.7989602416015624 0.11591917968749998 0.198487704296875
0 0.7972317150390624 0.889907166015625 0.20897336523437493 0.1591213359375
0 0.9405210681640626 0.9501942115234375 0.10800979414062495 0.08694599101562495
0 0.7403356644531249 0.9703750353515626 0.16043809921875007 0.04779100898437505
