1 0.49130011634765625 0.412598206640625 0.3723444548046875 0.416691621875
0 0.15333022125 0.15071871478515625 0.22273992390625 0.2036270433984375
0 0.2967340755859375 0.08485414318359374 0.243147548046875 0.1775207863671875
0 0.43428295875 0.06907500705078125 0.22460276921875 0.1459625141015625
0 0.8992566234375 0.04595678904296875 0.17664881640625008 0.0997260780859375
0 0.9181382998046874 0.2060359709765625 0.15591090039062505 0.19337478859375
0 0.7811068736328125 0.3403479952929688 0.2074716386718749 0.2113118305078125
0 0.04311628029296875 0.4341200147265625 0.0940450605859375 0.21062482367187502
0 0.14164890431640625 0.35858890576171876 0.20038137683593749 0.21913313847656246
0 0.24176032271484377 0.4329683976757812 0.16766488160156248 0.25740734214843747
0 0.1103372498671875 0.6811738126953125 0.18657077932812502 0.229825782421875
0 0.20198659457031248 0.6558184189453125 0.180775260703125 0.19086457148437497
0 0.50842023671875 0.686264708984375 0.22273992421875005 0.18720493906250002
0 0.7888995560546874 0.5476588921875 0.178357525390625 0.185033821875
0 0.816404048046875 0.6108943417968751 0.1790225124999999 0.20397054687500005
0 0.9589689613281249 0.66683915234375 0.07424957734375004 0.19384600468750002
0 0.7051772125 0.75505346328125 0.21486576953125003 0.17778061562499992
0 0.8704331666015626 0.8114386626953125 0.19557673320312496 0.18805489023437505
0 0.7285508560546875 0.880564314453125 0.18635058476562505 0.21501109765625004
0 0.915482754296875 0.95332757890625 0.16122199140625004 0.08553234218750005
0 0.25992416501953125 0.8478632328125 0.24324883738281247 0.19829833671874997
0 0.08667294955078125 0.9340407447265624 0.1811583991015625 0.117561830859375
0 0.39483071453125 0.9107441693359375 0.263431863125 0.155954939453125
