1 0.500988673203125 0.5414163788671875 0.3820858582812501 0.407425838359375
0 0.07884723787109375 0.02094269658203125 0.1655069757421875 0.0496978931640625
0 0.1970498344140625 0.13130857172460936 0.21089786500000002 0.24418246194140622
0 0.42192784666015626 0.0605182497265625 0.24000317074218747 0.128848999453125
0 0.7534658609375 0.06213007328125 0.2335558765625 0.1320726465625
0 0.03347616615234375 0.24629853085937498 0.0747648323046875 0.2107305171875
0 0.0692335470703125 0.26559637470703124 0.146279594140625 0.1954666361328125
0 0.2438609780078125 0.3744429080078125 0.217701874296875 0.22297333007812503
0 0.7365725408203125 0.2325539916796875 0.20014797070312496 0.19416308484375
0 0.9365927988281251 0.37812896349609376 0.11900190234374997 0.2044769941015625
0 0.7882852134765626 0.40877563066406253 0.17237263945312498 0.197492425390625
0 0.8535244326171876 0.5144007187499999 0.22254174882812505 0.20345969531249997
0 0.0576997604296875 0.669510111328125 0.123212020859375 0.19038014375
0 0.17205776142578125 0.8308532095703125 0.22266505777343754 0.21685192382812501
0 0.23075500283203126 0.7504712162109375 0.2134565248046875 0.19924957695312506
0 0.4273512366796875 0.8523353826171876 0.21176983523437498 0.203640255078125
0 0.5335598400390625 0.8574659138671875 0.20837884023437497 0.21542506367187508
0 0.7410424888671875 0.892106908984375 0.20137225195312491 0.2070224421875001
0 0.82070444609375 0.8443092939453125 0.20991579765625 0.17946730585937498
0 0.9417849845703126 0.92178031640625 0.10125422773437498 0.14862686718749996
0 0.03086025578125 0.915009336328125 0.06903977593749999 0.16216882734375004
0 0.09863611541015625 0.9713857279296876 0.2050847308203125 0.04941604414062495
0 0.23849043476562498 0.9789383984375 0.19006746757812498 0.03431070312499995
