1 0.6004343823828124 0.6201980929687501 0.445608773515625 0.38130378515625
0 0.07679404900390625 0.07219953326171875 0.1614005980078125 0.1522115665234375
0 0.24348654462890626 0.14961575626367188 0.24026400230468753 0.23061460762890623
0 0.5052713864453124 0.1049263418984375 0.24777111304687505 0.184646659875
0 0.640930389453125 0.03230746791015625 0.10739680546874997 0.0724274358203125
0 0.7925904316406249 0.03365437208984375 0.18818370781250005 0.0751212441796875
0 0.9471539527343751 0.0546555936328125 0.09787959453124995 0.117123687265625
0 0.04107487966796875 0.22380487892578127 0.0899622593359375 0.1649649941796875
0 0.0895224073828125 0.3840158255664063 0.186857314765625 0.24100240667968753
0 0.1610724183203125 0.5790594005859375 0.20340759921874996 0.24587952148437503
0 0.06733381345703125 0.726783565625 0.1424801269140625 0.20862656796875
0 0.03684956607421875 0.90718895859375 0.0815116321484375 0.16277712968750002
0 0.19148829492187502 0.920259170703125 0.23963499125 0.15166915859374996
0 0.33613805419921877 0.8184026765625 0.21543173847656252 0.21129302812500006
0 0.2900014585742188 0.5731612820312499 0.18435494457031248 0.25108481640624997
0 0.519838918359375 0.2604926341796875 0.20468841171875002 0.19157489789062498
0 0.6732401363281251 0.3405160625 0.21401418437499997 0.21432413203125
0 0.88662986796875 0.28379111359375 0.21892776406250003 0.24566529312500002
0 0.81732925546875 0.5072131162109375 0.21036774375 0.225609867578125
0 0.9545379958984375 0.5864935822265624 0.078790475390625 0.21801159570312495
0 0.8809983955078124 0.7589315015625 0.193425466796875 0.19661154453124996
0 0.89324815859375 0.9299017283203125 0.20213590312499996 0.13238404335937504
