1 0.4845423477734375 0.776491597265625 0.407949901328125 0.4150709906250001
0 0.66386872890625 0.1276357278828125 0.22671223203125002 0.238466213375
0 0.8937671751953125 0.23704155509765623 0.20465314960937497 0.22348418121093747
0 0.4935747251953125 0.1918466389453125 0.12354671679687501 0.254668122890625
0 0.2913128875195312 0.31320242046875 0.2179220687109375 0.23491667859375
0 0.2082313098828125 0.5402471462890625 0.22088588640625 0.21265501679687498
0 0.15198042912109375 0.7559936935546875 0.22501673480468748 0.20586421914062503
0 0.7280840439453125 0.5622467763671875 0.22643478710937492 0.23885375585937496
0 0.9000383138671875 0.48952534882812504 0.19211087226562495 0.24713306796875006
0 0.7277779734375001 0.930504421484375 0.230614078125 0.13117865703124998
0 0.9121005671875 0.9720947541015625 0.15679167812500006 0.04799799179687503
