1 0.615020786328125 0.84212496484375 0.4010710257812499 0.3079375703125
0 0.0694185104296875 0.18882777267578127 0.146649520859375 0.2263643249609375
0 0.19292999576171876 0.08509855904296874 0.2190846955859375 0.1780096180859375
0 0.3935932214453125 0.02205247673828125 0.191128804765625 0.0519174534765625
0 0.5387079869140625 0.061429854843750006 0.24326645273437497 0.1306722096875
0 0.8739188451171875 0.034788525234375 0.23515448867187494 0.07738955046875
0 0.9722753134765625 0.12815098294921876 0.04763687304687503 0.1745569687109375
0 0.3437015573046875 0.21336844701171875 0.19735590492187502 0.2098277198046875
0 0.1005672209765625 0.4248828566015625 0.208946941953125 0.22862352039062495
0 0.7832405580078126 0.15195620771484375 0.2105763808593749 0.20321307777343753
0 0.63099369375 0.24457661005859377 0.2417471109375 0.24668387121093752
0 0.5398089591796875 0.3961364676953125 0.231437605859375 0.203587408359375
0 0.9176957087890625 0.342219648359375 0.15679608242187504 0.23061848218749997
0 0.625081471875 0.5232591423828125 0.22181951093749996 0.20238074257812494
0 0.2065270046484375 0.5994662484375 0.200134758984375 0.19861541718749998
0 0.11819599070117189 0.742491368359375 0.21905827226953126 0.20516840468749997
0 0.3487616263476563 0.678388352734375 0.20346850355468754 0.18936724921875003
0 0.48252536640625 0.7038164107421875 0.1751603015625 0.18680418554687495
0 0.870380319921875 0.7282910267578124 0.208145434375 0.24082669804687507
0 0.911373925390625 0.567016188671875 0.16943964921875 0.19770381171874996
0 0.18811214064453124 0.9112241931640626 0.19646631902343747 0.169739113671875
0 0.3043065636328125 0.9403449126953125 0.196356221953125 0.11149767460937499
