1 0.461600285390625 0.3140259477929688 0.40946924328125 0.4394597309765625
0 0.03514083638671875 0.1305026599609375 0.0780941727734375 0.161530263515625
0 0.0570810139453125 0.0451993200390625 0.121974527890625 0.098211140078125
0 0.19319863302734375 0.0858450183203125 0.20291361332031252 0.179502536640625
0 0.3177230129296875 0.09917999577929687 0.172914317890625 0.18600267758203126
0 0.70115866328125 0.12248978297265625 0.22017245625000004 0.2330186020234375
0 0.7748863794921875 0.0395469278515625 0.22297773398437504 0.086906355703125
0 0.92094357734375 0.20591926791015625 0.15030034531250003 0.2245146913671875
0 0.05714707228515625 0.34945523896484376 0.1221066445703125 0.2456797845703125
0 0.15673442783203126 0.3783843890429688 0.1774150930078125 0.19732507738281252
0 0.07581515994140625 0.6919281109375 0.1594428198828125 0.21612087812500003
0 0.2700751303515625 0.7816287345703126 0.22562447156249998 0.22969806914062507
0 0.47701169667968746 0.66591213359375 0.22293369492187493 0.23374964765624995
0 0.64165110625 0.753848999609375 0.20362704375000007 0.292752959375
0 0.592946290234375 0.9377708392578126 0.23061848203124996 0.11664582148437497
0 0.8481120527343751 0.969461228125 0.16303639375 0.05326504374999996
0 0.9467856009765625 0.8995318666015625 0.098616298046875 0.19129174882812494
0 0.9701504369140626 0.75735889921875 0.051886626171875005 0.09786323281249998
0 0.9494543580078125 0.6006178656250001 0.09327878398437495 0.17393161640625
0 0.8369724138671875 0.47226210183593753 0.21783399101562495 0.22029576507812504
