1 0.4088438909179687 0.47754456734375 0.19463430097656248 0.35224950671875
0 0.03076997603515625 0.05528642896484375 0.0693524520703125 0.1183853579296875
0 0.17373564332031252 0.059650683476562494 0.219045060625 0.127113866953125
0 0.42395583789062496 0.07917973154296876 0.25333374453124996 0.1661719630859375
0 0.6838205501953125 0.053146138671875 0.22069211523437504 0.11410477734375
0 0.8995825113281251 0.0974844983125 0.19302247734375 0.18326345829687501
0 0.748872604296875 0.25556871830078126 0.24098964218749996 0.2373476254296875
0 0.9372401705078125 0.33549931296875 0.117707158984375 0.245917594375
0 0.850921733984375 0.5023825041796874 0.24833092578125004 0.25341741820312497
0 0.082526687578125 0.20752228369140624 0.17286587515625 0.19928921222656248
0 0.27090746544921873 0.23823280720703124 0.2675671151953125 0.2592041291015625
0 0.027786340898437498 0.46155844843749994 0.063385181796875 0.23026176718749997
0 0.17656734427734375 0.3823500916796875 0.2201460330078125 0.207828354140625
0 0.20271764021484376 0.48981160158203124 0.2077006412109375 0.2407386202734375
0 0.501541361328125 0.712793739453125 0.20938733125000003 0.21028132031250002
0 0.754848682421875 0.7209739640625 0.23107208281250002 0.22864113593750002
0 0.093710365 0.8911953037109375 0.19523323 0.20505830742187503
0 0.21936874646484375 0.8606851572265626 0.2159006834765625 0.20530492539062506
0 0.40935033828125 0.8926992318359375 0.20623414609375001 0.19703882460937494
0 0.5965927105468749 0.9040150259765625 0.22964081874999998 0.16949249570312497
0 0.7719445814453125 0.8773538791015625 0.22127783242187504 0.22771191523437495
0 0.9495842728515624 0.9049508525390625 0.09301895429687501 0.18228579492187502
