1 0.7623727275390625 0.20669655437109374 0.399313873828125 0.40997569047656246
0 0.5432439931640625 0.05809390853515625 0.19171452226562502 0.1240003170703125
0 0.34107243525390624 0.0792061548828125 0.21966600917968748 0.166224809765625
0 0.199980622890625 0.1612043757109375 0.22436055523437498 0.29320215615625
0 0.10415639091796874 0.3348805665625 0.2161252818359375 0.24578107390625
0 0.07717596181640625 0.03402004650390625 0.1621644236328125 0.0758525930078125
0 0.2047588430078125 0.49880214199218753 0.19658082015625 0.21003910664062497
0 0.6469379755859375 0.5014004369140626 0.23508402617187507 0.22794532148437502
0 0.898618059375 0.45359621611328127 0.19495138125 0.2746970123046875
0 0.04247991826171875 0.6675834095703125 0.0927723365234375 0.21472044101562493
0 0.20517501056640625 0.7217204236328125 0.2213086598046875 0.23530422070312496
0 0.41574038183593753 0.66091592109375 0.21368552695312504 0.22676067499999997
0 0.4966354283203125 0.84374559609375 0.18882997460937506 0.1807884726562501
0 0.734493905078125 0.715257715625 0.21483934609375 0.25305629921875006
0 0.95393971953125 0.7321664494140625 0.08430806093749998 0.23044232695312505
0 0.795320426953125 0.924222273046875 0.22312746640624992 0.14374295390625003
0 0.03341230974609375 0.9111383173828125 0.0746371194921875 0.16991086523437504
0 0.16676208427734374 0.924239888671875 0.1636221110546875 0.14370772265624998
0 0.351602134921875 0.923398745703125 0.18487528171875 0.14539000859374995
0 0.5729878628906251 0.97214760078125 0.16305400937500003 0.04789229843749998
