1 0.4735656531640625 0.4901264796875 0.33431246476562504 0.33655404453125004
0 0.0576777409765625 0.1315177564824219 0.123167981953125 0.22343573844140627
0 0.1029893601953125 0.0867081806640625 0.213791220390625 0.181228861328125
0 0.18904576521484376 0.0649749858984375 0.1935509441796875 0.137762471796875
0 0.49906197148437503 0.03479953494140625 0.17674570156250002 0.0774115698828125
0 0.3711113655078125 0.028158469550781252 0.141144658828125 0.0641294391015625
0 0.7190472625 0.0866883631640625 0.23224792109374992 0.181189226328125
0 0.9296500669921874 0.0412820603125 0.132887366015625 0.090376620625
0 0.102960734921875 0.3171901423046875 0.21373396984375 0.21508596382812498
0 0.38938090125 0.25320162767578125 0.22395980140625005 0.1947928410546875
0 0.60215262109375 0.20676261273437502 0.19917911484375006 0.1958938134375
0 0.6539181404296874 0.2814173477929688 0.18681739726562496 0.18572082863281253
0 0.908498185546875 0.1907566762890625 0.16883191249999996 0.187891946171875
0 0.886621864453125 0.27868033046874996 0.20523005937499994 0.19495578492187499
0 0.8903761802734376 0.44666449412109377 0.21143513945312498 0.20766100628906253
0 0.05579287626953125 0.547890096484375 0.1193982525390625 0.20155281171875
0 0.03334184751953125 0.7832757892578125 0.0744961950390625 0.257750845703125
0 0.13702702225976562 0.8344864185546874 0.21226747462109374 0.210422244921875
0 0.21620895576171875 0.6299785970703125 0.21082299886718753 0.21370754648437507
0 0.2557823069335938 0.8236220230468749 0.2077314683984375 0.16820656015625002
0 0.1028352240625 0.9677965580078125 0.20394412343749999 0.056594383984374996
0 0.32516999005859376 0.91529118515625 0.21718221519531247 0.16160512968749996
0 0.848081225390625 0.893066956640625 0.23134072031249997 0.16283381484375004
0 0.9248630390625 0.705472273046875 0.142461421875 0.23728156718749993
0 0.5049962125 0.7631742355468749 0.21648199687500008 0.200029065625
0 0.5377699583984374 0.819046381640625 0.21147917851562503 0.21749489140625
0 0.730303604296875 0.722015483984375 0.21174341171875 0.20687271015624997
0 0.75793360703125 0.6208625458984376 0.21397177968750003 0.19642668398437502
