1 0.4965011097070313 0.4230552424804688 0.3410063766796875 0.3464099494140625
0 0.31873370564453124 0.20407183625 0.21104759730468747 0.21476007609374997
0 0.19516496970703123 0.4306761731640625 0.22036622746093748 0.236687041953125
0 0.8542180455078126 0.12200755707617189 0.24021455742187492 0.21893936725390625
0 0.76860423125 0.33533857093749997 0.21146156250000003 0.21801014640625
0 0.92144341875 0.5148609251953125 0.14930066249999996 0.24350426289062493
0 0.7225659703125 0.564058976953125 0.23768232109374998 0.22116333124999993
0 0.18856574126953124 0.894727223046875 0.20963394871093752 0.20132380937500005
0 0.4389731011328125 0.871010076171875 0.20561319773437498 0.25016734765625004
0 0.693511309375 0.7884811865234375 0.20497463359375 0.21043545664062502
0 0.8208079375 0.8924372005859376 0.25717393593750004 0.207313098828125
