1 0.6613253900390625 0.6896514001953125 0.3243007949218749 0.33095099179687504
0 0.125772589703125 0.054044814765625 0.252119493875 0.11590212953125
0 0.31046483005859377 0.05809920142578125 0.2141600422265625 0.1240109028515625
0 0.7111722396484375 0.06403150525390625 0.23794395429687498 0.1358755105078125
0 0.511126203359375 0.13462660442382812 0.25693735421875 0.2661810822460937
0 0.281252278984375 0.24269116468750002 0.26657763265625 0.22991266773437502
0 0.0673611617578125 0.22251039234375 0.142534823515625 0.251349183203125
0 0.11953261741015625 0.41060749705078126 0.21145255978906252 0.1761778004296875
0 0.04775470390625 0.5780976515625 0.1033219078125 0.23629849765625
0 0.21900752990234373 0.5202149576171875 0.2253363841796875 0.26024649960937496
0 0.405019326171875 0.43282799730468746 0.21297950703125001 0.244931446796875
0 0.6652567095703126 0.33950873328125 0.24198694570312507 0.231790585
0 0.8971430134765626 0.1120915986015625 0.197901473046875 0.201511449828125
0 0.8970381783203125 0.3251098490820313 0.19811114335937496 0.21694956980468752
0 0.9029043904296875 0.5335335837890625 0.17104543476562495 0.21369056289062505
0 0.8105126896484375 0.5316761779296875 0.18661573789062502 0.25330458710937503
0 0.577238458984375 0.49205531660156254 0.23909258281250007 0.21815745351562504
0 0.11916341525585937 0.7394731802734376 0.22739662339453123 0.21893688007812495
0 0.36508851732421876 0.7506586384765626 0.2460755176953125 0.24659513554687507
0 0.19907745041015623 0.8833822564453124 0.2163798133203125 0.21447454804687494
0 0.03692477392578125 0.828758569140625 0.0816620478515625 0.22152129531249998
0 0.46273565134765626 0.8876987310546876 0.22497174027343747 0.21254193398437493
0 0.8887128974609375 0.839583941015625 0.21003956367187504 0.22672658984374994
