0 0.140415329640625 0.16093111873046875 0.251923497671875 0.2128154171484375
0 0.2109648483203125 0.0251946287890625 0.236681373984375 0.058201757578125
0 0.5534545470703125 0.05624407453125 0.188726116015625 0.1203006490625
0 0.738365573828125 0.06081124197265625 0.22437007734374992 0.1294349839453125
0 0.8400329091796875 0.15531104142578123 0.283132475390625 0.22325335472656246
0 0.7446830330078125 0.30946889580078124 0.23836329492187502 0.20704492402343752
0 0.0976949934375 0.36938448078124997 0.203202486875 0.19671637984374996
0 0.30606858955078126 0.45428274513671874 0.23848636230468748 0.19164782691406246
0 0.1184136158046875 0.6014029681640625 0.24127588971875 0.22576939882812502
0 0.11017721703125 0.8750934400390625 0.20855819718750002 0.21045890429687497
0 0.34980765017578125 0.8601042880859375 0.2136905629296875 0.19936004960937503
0 0.8835622994140625 0.4709834450976563 0.20450608945312498 0.2524704637109375
0 0.9713640423828125 0.7162339556640624 0.049459415234375026 0.17163798164062494
0 0.4879781396484375 0.9579405812499999 0.19052198789062502 0.07630633750000004
0 0.6120642503906251 0.8970358992187499 0.2285589265625 0.19811570156250002
0 0.7472469371093751 0.904171528515625 0.19252297265624996 0.18384444296875002
0 0.930934126953125 0.8965322345703125 0.13031924609375 0.18661573789062502
1 0.930934126953125 0.8965322345703125 0.13031924609375 0.18661573789062502
1 0.5379867997851562 0.5871750109960938 0.5997848598046874 0.4094816584765625
