1 0.47303938830078124 0.6690653185546875 0.3671434608984375 0.39069546210937506
0 0.03935756060546875 0.2576605658203125 0.0865276212109375 0.202037239296875
0 0.12062913965234376 0.16222828001953124 0.2013766558515625 0.2135754298046875
0 0.345551190859375 0.05249216107421875 0.22711739015625002 0.1127968221484375
0 0.5653140853515625 0.11569017757226563 0.227205467578125 0.22169179821484375
0 0.6991681052734375 0.30468309615234374 0.18719613164062499 0.21469842175781248
0 0.37131614636718746 0.2765114148828125 0.21866632601562502 0.20120490414062497
0 0.2205864219140625 0.3925252783789062 0.22503875421875003 0.23391259167968748
0 0.13948219068359374 0.49152691660156245 0.1950526705078125 0.27704868945312494
0 0.04019650154296875 0.766127043359375 0.0882055030859375 0.22901987031249993
0 0.19399573703125 0.86843380078125 0.209730834296875 0.19526846093749994
0 0.9559544990234374 0.3991112950585938 0.08027850195312503 0.20482490128906244
0 0.9475232525390624 0.5545399697265625 0.097140994921875 0.194312816796875
0 0.929167841015625 0.768562394140625 0.13385181796875 0.19447576093750008
0 0.9497053798828126 0.9378457052734375 0.09277674023437499 0.11649608945312495
0 0.716680171875 0.8840455890625 0.21682990390625 0.14432426718750002
