1 0.3629971990820312 0.4493750881054688 0.2601861963671875 0.25629315816406245
0 0.055632134296875 0.0844049464453125 0.11907676859375 0.176622392890625
0 0.21353799675781251 0.13791660793945312 0.20699601890625002 0.20803974068359377
0 0.7823157412109375 0.0324742812890625 0.24663542851562492 0.072761062578125
0 0.9150864042968749 0.15238338501367188 0.16201469140625002 0.23455115559765627
0 0.8030052142578126 0.1867799640625 0.19782271679687502 0.21723065812500003
0 0.7114021103515624 0.23162477099609374 0.20050468554687495 0.21594472238281248
0 0.5781668369140625 0.3532910265625 0.22066569179687495 0.21336404296875
0 0.23781884158203126 0.24549702296875 0.1983864148828125 0.13692132890625003
0 0.11850866684570313 0.4166321694921875 0.20244680099609375 0.22878646414062498
0 0.02305215966796875 0.488796505078125 0.0539168193359375 0.18747357656249997
0 0.0567551261328125 0.6843137859375 0.121322752265625 0.180625528125
0 0.060930013378906245 0.913974422265625 0.1296725267578125 0.16423865546875005
0 0.189618270859375 0.7896306017578125 0.21659209414062497 0.21124577226562502
0 0.271896138671875 0.9178234216796874 0.20411147124999998 0.1374453917968751
0 0.4600611259765625 0.9652026669921875 0.16498731679687506 0.06178216601562503
0 0.537175433203125 0.8453794390625 0.19924517343750003 0.21512119531250007
0 0.6203406849609374 0.877428744921875 0.189279171484375 0.19797685312500002
0 0.520442855078125 0.6179779982421876 0.20944898515625004 0.21252730429687505
0 0.738873573046875 0.736775119921875 0.20189631484374992 0.19512753671875005
0 0.7047170060546875 0.529303480859375 0.210061126171875 0.20562640937499993
0 0.8351998484375001 0.4039071308203125 0.21936214062500003 0.20949302429687505
0 0.95916053046875 0.41497410515625 0.07013194062499994 0.18200394593750002
0 0.923416361328125 0.6210276916015625 0.14535477734375002 0.203424464453125
0 0.9226126515624999 0.7365351078125 0.146962196875 0.186561971875
0 0.9561328564453124 0.91888255703125 0.07992178710937503 0.15442238593750002
0 0.908218538671875 0.921009635546875 0.16112950937500004 0.13095846249999998
